1.366550
2.791904
1.840760
2.470491
2.082050
1.686176
2.720719
1.648144
1.919675
1.696409
1.398678
2.155470
1.348726
3.375400
3.578927
1.677738
1.375338
1.473184
1.318113
1.590984
2.101549
2.176187
3.396731
2.184866
1.348219
4.472274
3.967059
1.600055
2.317635
2.020653
1.725586
1.432458
2.103389
1.445261
2.517813
1.373609
1.760856
3.377377
1.957631
1.384683
1.739431
3.324803
2.803658
1.376901
2.363849
2.256614
2.206614
2.471979
1.573625
1.514778
3.375894
1.615552
3.351251
4.069278
3.262802
3.341435
2.131876
1.460429
4.212082
4.318328
2.871715
3.328711
3.434260
3.162252
2.070888
3.215987
1.474469
2.420885
1.851590
2.979308
1.584774
1.499340
1.783986
2.253931
2.204003
2.547579
1.957908
1.707615
1.372616
1.323967
3.086303
1.392863
1.338910
1.913513
2.119119
2.389491
4.283046
2.809131
2.106461
1.609457
1.528820
2.292178
2.315905
3.482803
1.684269
1.331071
1.741911
3.338495
1.361339
2.391642
2.630244
1.937545
1.832275
3.182900
1.969330
3.969872
3.276282
4.103778
2.409286
3.219312
4.042403
2.261318
3.423216
4.404646
3.232165
4.074440
2.263338
3.811322
4.365920
1.854632
1.744398
1.624226
1.394094
1.987642
2.082353
4.386494
3.164124
2.960685
2.052664
2.009658
2.918510
3.358136
2.261655
4.498053
1.371452
1.408191
2.670888
3.393743
1.408860
2.794000
3.337516
2.283992
1.908446
2.998035
2.386269
1.679838
1.814531
2.171384
3.110673
1.539753
3.474167
1.564625
1.915385
3.316513
1.354180
1.609836
1.654005
1.836010
1.877977
1.321778
1.882913
1.421077
1.832523
2.592517
2.724401
1.508627
2.227311
1.328148
1.412041
2.723173
1.499799
1.475615
3.318462
2.552575
1.595594
1.509882
2.314176
1.438789
1.505508
3.404210
1.741008
2.098180
1.790873
1.462223
1.487882
2.755265
1.886042
3.408704
4.010551
1.318354
3.451390
1.814775
1.612878
1.469638
1.676480
1.380458
1.336487
2.775610
1.557647
2.898061
1.917528
1.329919
1.339227
1.456193
3.708016
4.066413
2.712148
2.642532
1.734268
1.336548
3.560261
1.336854
1.348581
1.423844
2.286376
2.227972
1.347286
1.519732
3.987349
4.235052
3.685619
1.716112
1.743267
1.328892
1.720725
1.607187
3.720887
2.701167
4.296165
4.393748
3.479753
2.566075
1.951545
3.174909
1.922094
1.518608
2.105232
1.462361
1.989345
1.419408
2.035836
1.351301
1.318761
2.161817
2.212176
3.625403
2.844736
1.899697
1.341900
1.347001
1.531284
1.340971
1.979441
1.894689
1.337594
2.976641
3.164593
1.367931
1.576480
1.857174
2.122842
1.531778
1.878236
2.375208
2.056529
1.675643
1.422156
1.585683
1.784933
1.466120
1.559384
1.871257
3.983962
1.358338
2.266371
1.810143
2.387701
1.929382
1.375704
3.755376
3.140789
3.726260
1.440587
2.002758
1.745531
2.377700
1.318802
1.399736
1.483013
4.107239
1.700271
4.141393
1.527838
2.653280
3.449876
1.331238
3.414203
1.413774
1.781859
1.481404
2.033197
2.449413
3.022267
3.296589
2.859267
1.883174
1.837508
3.072582
1.958186
1.431708
1.489519
1.456600
1.504421
1.412502
1.983394
2.347276
2.188414
2.820107
1.501026
1.375429
1.495079
1.513034
3.564920
1.669601
2.970427
3.150572
1.357461
1.866628
2.865699
1.593008
1.503802
4.287807
1.866885
1.424692
1.857683
1.543789
2.800295
3.524186
1.438021
4.174000
3.693600
3.075322
3.485855
2.309688
1.328201
2.036717
2.049698
1.990481
2.325266
1.787779
1.718525
1.985092
2.795258
1.320493
3.587768
3.405208
1.323396
3.046660
1.466260
1.583141
2.951413
2.001039
2.915456
1.488923
2.033490
1.998177
2.165000
1.345172
1.562001
1.700486
1.691925
3.206030
1.834016
3.042132
4.091103
2.776860
1.675852
1.883434
4.341777
3.152905
2.979753
2.966881
3.517005
1.587688
1.960685
1.321824
1.362330
1.333802
3.426225
3.129640
1.936181
2.415803
2.302116
4.300950
1.449878
1.460980
1.955138
2.345169
1.448419
2.879035
4.076735
2.066986
3.101918
3.432752
1.749622
2.059211
2.537999
1.837758
1.400267
2.445735
3.471631
3.973814
2.766043
1.818693
1.676689
4.407677
4.498668
2.682153
1.464165
3.787360
1.873837
4.229153
3.321387
3.912770
3.363554
2.143788
4.472886
1.750306
2.120049
2.404230
1.815020
1.399842
1.571316
3.916111
1.319594
3.170685
3.235981
3.079893
3.197988
2.885076
3.116677
2.706449
2.030855
1.323823
1.512086
1.365609
2.021815
3.130104
2.862267
4.119951
2.140959
3.356660
4.283641
2.484290
4.023611
2.540295
2.486910
1.435478
1.492815
2.446103
2.172663
4.100895
1.464722
2.547963
1.523120
1.874095
2.831548
1.644931
2.524650
2.690632
1.378202
2.457155
3.581526
2.155786
4.321329
1.373700
1.340317
1.467945
2.091769
1.491613
3.872834
4.101471
1.923171
1.341567
2.078723
1.369592
1.557820
2.813348
1.591903
1.924249
1.338531
1.478788
3.926708
3.358628
3.875597
1.330355
3.096859
1.642731
2.773527
1.555052
2.029977
2.488408
3.064831
2.063990
4.087076
1.726915
1.736733
3.856285
1.715236
3.606025
4.197405
1.725807
2.868276
1.396372
2.011677
2.619589
3.867864
3.329199
2.581593
1.659302
1.322647
3.167872
3.271944
3.309698
2.555269
1.942195
1.436747
2.225330
3.733253
1.335458
1.807228
2.110156
2.205961
1.501796
1.317715
1.317754
1.341966
1.454298
1.317953
1.383906
2.694679
1.619007
1.456736
2.054446
3.833754
3.056642
1.472330
2.079025
3.133817
2.929003
2.947887
1.935363
2.986430
2.668882
1.793500
1.846540
4.286616
3.342906
1.626364
1.414936
1.389523
1.378669
3.131960
2.074801
2.411818
1.727137
1.337843
1.323585
2.333274
2.349736
2.326656
2.170105
1.371720
4.517764
4.301549
4.362293
2.617227
4.338164
1.949614
2.766458
4.455756
3.441809
3.960874
1.737407
3.420710
3.901646
3.944044
3.218362
1.447099
2.898494
3.310185
2.534942
3.300468
1.569194
2.680541
1.349894
2.071790
3.091806
3.798782
2.138135
1.696623
2.327004
1.537414
2.325613
1.362081
2.542210
2.423067
3.283039
1.770831
3.746731
1.424207
2.643724
1.788491
1.540759
2.069386
1.442136
1.487140
1.348798
3.029029
3.459981
2.228633
1.445392
3.327245
4.345995
4.109548
2.886804
2.448309
3.018666
4.288402
4.001485
1.665876
2.684170
1.350336
4.151272
2.231280
1.515733
1.383423
1.473612
2.146307
2.421249
2.994907
3.024519
3.965371
1.444607
1.660325
1.359626
1.397626
1.350780
1.952925
1.373791
2.163726
1.874354
2.394154
1.661350
1.337223
1.681734
1.336001
2.117570
1.640937
3.160381
1.670432
3.645390
4.155345
2.159911
4.442330
1.762703
1.594854
2.343766
1.641136
2.019782
3.767287
3.454925
1.735388
2.733009
3.246495
2.265697
1.320320
1.474612
1.823364
1.337470
1.382749
1.536582
1.409424
1.808442
1.422276
3.126858
1.685116
1.415053
1.779031
3.295619
2.409648
3.533949
2.623136
2.483542
3.978886
1.434342
2.090246
1.544803
1.330850
2.868705
2.371651
3.117139
2.462701
2.199442
1.715455
3.771626
4.453313
4.435019
4.346598
4.002051
2.087510
1.684481
2.642929
1.336915
2.777277
3.144978
1.564800
2.591342
3.800961
1.334980
1.537581
1.338280
1.521503
1.321152
1.322050
1.343655
1.378763
4.224439
1.323633
1.429596
2.365974
2.153886
1.336061
2.953177
2.941727
2.039952
4.466151
3.656472
3.774338
4.422852
4.529496
4.456367
1.376994
2.223021
4.501128
3.591935
3.546312
1.757631
3.665991
1.478209
3.024970
3.302410
3.158510
2.870854
1.468226
3.157108
2.495162
3.353709
2.543742
3.611777
2.185188
1.442655
2.072693
3.573215
3.650664
1.772465
1.429967
1.946861
2.089334
1.344894
1.503957
1.551956
1.414470
1.528001
2.415078
1.374154
1.319175
1.456872
1.875129
1.592087
3.321875
1.652585
1.420479
1.651371
2.139703
2.400626
1.331293
3.033544
3.863450
1.710220
2.614867
3.767829
4.344790
1.380932
4.427716
3.870624
4.164082
2.026474
4.229743
3.465042
4.032714
3.047113
3.177257
1.788729
1.493719
1.846791
4.116481
1.924519
4.004317
3.102378
2.463071
4.269378
2.444266
1.325382
3.762411
2.284332
2.398826
1.321464
2.026765
1.864065
1.544973
1.940004
1.328945
2.545276
1.320975
2.083868
3.107445
1.631840
1.524093
3.248889
2.394513
1.641335
1.497203
1.784222
2.075102
2.746590
1.586593
1.456328
2.662870
3.246974
2.170425
1.337656
1.336182
1.666703
1.504731
1.704800
2.304178
4.401011
1.542440
1.343451
1.535253
2.327352
2.341313
1.404353
1.404462
1.325631
1.465281
1.601175
1.461118
2.656074
2.020943
2.918947
1.774570
1.500412
2.234925
3.442313
3.909430
1.680049
2.251587
3.219788
3.547860
3.117601
4.461257
4.158256
2.063093
4.205032
3.907205
4.530114
1.754190
3.317000
4.125159
1.727359
3.764036
3.645917
1.835262
1.914315
2.656473
2.763967
4.387098
3.891100
4.318928
4.045255
3.428734
1.702208
2.131251
4.199164
1.903931
2.307620
1.415870
1.786354
2.785208
1.634201
1.399949
1.659506
1.357779
2.697110
2.787718
1.663610
4.256334
2.823492
1.844526
3.954136
1.753732
2.621165
1.793739
3.171154
3.216462
4.471049
4.061259
3.077150
3.134281
1.594115
1.538749
3.902201
3.811868
2.552959
1.430961
4.102048
2.179396
1.732033
2.165319
2.423431
1.630467
3.753213
4.449040
1.348871
1.734492
1.709350
2.141902
4.507901
1.546669
1.788967
1.972692
1.974657
3.864001
3.416204
3.020016
1.778090
2.504574
2.782284
3.769998
3.249368
1.688300
2.518951
2.369521
3.991303
1.769199
3.458464
1.360847
1.483453
2.284673
4.129213
1.428607
2.121600
1.692567
1.339610
2.052961
1.333511
1.582236
3.022717
1.539921
2.957591
4.208556
4.530732
1.407087
2.946126
1.951821
2.212831
3.050286
3.212665
4.151854
3.837045
4.504821
4.330342
3.812414
3.005645
3.904980
3.970998
2.692250
4.188617
1.834265
1.326134
3.057096
3.804231
2.626688
3.068021
4.388911
3.659114
2.627083
2.144103
4.182181
1.645132
3.993564
4.004883
1.478933
2.112006
1.524255
3.864553
1.747347
4.308734
3.443321
3.338985
2.442431
1.693846
1.915653
1.616702
4.330943
3.514956
3.635386
2.558737
3.731101
2.500051
1.735612
2.317981
3.588289
3.004301
4.432583
3.387775
2.400986
1.613069
1.726029
3.630129
2.665674
3.922244
3.913326
3.121764
3.354200
3.366019
1.682578
4.325534
2.428530
1.929654
2.640149
1.832772
2.874296
3.764578
3.959189
2.617620
3.922802
2.610938
1.407197
2.621559
4.416170
3.445337
2.692655
2.747827
2.364203
2.970870
2.519331
3.897203
2.157054
4.478402
1.427500
1.722931
1.896005
1.538916
3.455936
2.021234
3.639595
3.520594
3.421212
3.704269
1.331349
2.077515
1.437128
3.682962
1.506441
1.366636
4.019633
2.342715
3.548376
3.047566
3.025421
3.257039
1.517968
3.755917
1.981698
1.514143
1.433587
1.899961
1.348291
1.325932
3.664403
1.761779
3.743493
1.626559
1.541095
2.020072
2.152621
1.942469
2.231611
1.478353
3.620682
1.338594
3.399222
2.426343
2.477940
2.075403
1.809413
1.590066
2.912405
1.610975
2.980197
1.334271
1.992188
2.703603
2.687399
3.723035
4.218551
2.360312
2.882917
2.101855
1.966814
2.378057
4.235642
3.472138
4.222083
2.777694
4.095133
1.379891
2.321100
4.449650
1.349968
2.142216
3.227876
2.007642
4.193888
1.765250
1.343519
3.092265
4.313529
1.699411
1.710437
3.462511
3.031737
1.462915
4.338766
2.866128
4.005450
1.582598
2.243904
3.098238
2.324223
1.721607
4.275317
2.592909
3.878916
1.928300
2.446470
1.394197
1.937818
1.710655
1.680470
4.253374
2.087813
2.488782
1.336976
3.052555
1.605113
4.309333
2.497041
2.531506
3.274835
1.326745
1.318557
1.318598
1.830784
1.516529
2.984203
1.342234
1.876164
2.931193
3.215038
3.263282
3.584126
3.997523
3.582046
1.938091
4.113014
1.636175
3.496044
2.204329
1.710872
2.228964
2.915892
1.513668
1.379138
2.254266
1.362579
1.529804
2.669283
2.594476
3.232641
2.519710
3.283522
2.152937
1.575586
4.326134
4.066986
2.251922
4.162333
1.954308
4.356855
2.110464
2.955383
3.297073
1.947136
3.917783
4.160585
4.077309
4.110126
2.204655
3.050740
3.331644
3.366512
3.216937
2.128443
2.144418
4.464315
3.909986
3.339475
2.238578
3.608116
4.072145
4.501744
2.138449
4.442940
2.142530
4.212670
3.509325
2.485786
2.200418
4.113591
1.794696
2.418706
3.334579
3.220263
3.302895
3.910543
3.604457
4.374393
3.208398
1.800701
4.278288
3.304352
1.715674
2.140017
3.329688
3.733792
1.714362
1.401441
4.093406
2.943486
1.755336
4.445989
1.692780
2.281611
3.069388
4.512830
1.779973
2.373429
3.677122
4.349010
1.854886
4.384681
4.125738
4.461869
4.057826
2.045260
1.918601
3.889991
1.692139
2.255272
3.604979
2.333623
4.158838
4.061832
4.339368
3.902757
2.566462
3.879469
1.723152
4.161168
2.144732
1.405551
1.321019
1.694059
2.060404
1.395022
3.075779
1.612306
1.922364
2.854131
1.901283
1.515892
2.384839
1.588784
1.549220
2.325961
2.032025
2.939969
1.626754
1.327833
4.097437
3.647499
3.789534
2.759820
3.081724
3.141254
1.384781
2.731368
1.732703
1.789681
2.182612
2.969097
3.089054
1.568489
1.418814
1.417632
3.726797
1.998463
1.497356
1.324791
2.186801
1.833021
2.526933
1.552642
2.282291
1.834514
1.325036
1.321508
2.412180
1.771064
3.510860
4.253966
1.681945
1.394300
3.546828
4.419814
1.491763
3.062554
3.266648
2.043783
3.267129
3.469602
2.016882
1.358819
2.236585
1.859976
3.880022
3.033996
1.339994
4.203271
1.400587
1.655630
2.010523
1.673137
2.158323
2.585097
1.911911
3.443825
3.834302
1.343246
3.124079
3.290776
1.322463
2.192947
1.447626
1.340381
1.357541
1.578811
1.425422
1.975500
3.849680
3.809685
3.228352
3.527266
1.472472
2.869135
4.225028
1.395436
4.305739
1.916456
4.117059
1.838007
2.127509
4.408283
4.413135
3.339965
3.718203
3.925592
4.278883
2.372007
2.974864
1.505663
3.952452
1.636373
1.333222
1.318967
3.698928
3.704804
1.461256
1.775977
1.908712
1.987926
1.332591
1.584955
1.640141
1.431085
1.418223
1.506597
1.372078
1.668565
1.714580
1.567432
3.388271
2.849003
4.042973
2.187123
2.706855
3.770541
2.167870
1.488030
1.619778
2.399186
2.436568
3.183370
2.555654
3.077607
1.844777
2.389850
1.893375
1.694913
1.794936
2.438764
1.978596
1.483600
1.337038
1.470345
1.348364
2.580037
3.553023
1.452415
2.597614
1.390529
1.546838
1.547008
3.127322
1.894952
1.610026
1.417750
1.354720
2.383409
1.384878
1.989629
1.387234
1.931011
2.455309
2.885508
1.676899
1.376348
1.929925
1.341633
2.137195
2.680944
1.324498
4.050394
3.876150
2.297998
2.685380
2.123153
2.419069
2.037599
1.765482
2.046442
1.540088
3.584646
1.488476
3.376388
2.392001
1.862785
1.466400
1.326439
2.701573
2.084474
3.200351
2.001325
1.773634
3.570622
2.605449
1.673971
1.463609
1.983960
1.502258
1.327157
2.204981
3.801506
2.436934
3.740257
3.162720
3.093643
2.589778
1.773868
1.352126
1.326185
1.370829
1.342033
1.547518
1.476046
1.872546
1.769432
1.507220
2.216769
3.242191
1.622675
2.520090
2.780614
1.606055
1.757861
2.298684
3.042584
2.080537
2.165638
1.973814
1.605302
2.764382
1.844023
1.382460
1.495533
2.304522
2.147883
4.104355
2.285695
1.409990
1.994752
1.361751
1.490864
1.815753
1.811603
2.195542
1.955414
1.332420
2.148199
1.962911
1.556607
2.056826
3.388768
1.791589
4.007150
2.051180
1.831033
1.496899
1.698552
1.539084
2.085991
2.294915
1.831281
2.310378
1.807471
2.399546
3.718740
2.615260
4.141973
1.535917
1.404679
2.673298
2.200744
1.616893
3.668639
4.284236
2.512130
2.949649
1.701562
1.492965
1.756942
2.545660
2.635390
2.463441
3.608639
1.900226
1.342840
2.666075
4.326735
4.180427
4.024179
2.135628
3.651191
1.617085
1.619200
2.648896
1.534424
1.886303
3.991869
1.380553
3.205083
4.058398
4.473499
4.311131
1.724036
1.328254
1.418933
4.302147
2.202047
3.822252
2.609761
1.682156
1.640340
1.413890
2.888966
3.784102
1.449347
1.528984
1.480967
2.845163
1.398995
1.762934
1.464862
3.037610
1.478498
2.649294
1.335699
3.109290
2.569558
1.999321
1.988209
3.517518
3.940124
1.583685
1.593192
3.038061
2.218741
1.538248
2.995354
1.528165
2.366328
2.704010
2.088117
2.875588
3.300954
2.891129
2.901532
1.341037
2.891562
2.821376
2.249914
1.403486
4.137910
2.714594
3.044395
3.883343
2.010811
1.496595
1.566202
2.981532
1.689365
1.988493
1.548879
2.872145
3.127785
3.268092
2.928127
2.361019
1.796854
2.766873
3.225495
3.712839
1.441232
1.477198
3.086761
2.236917
1.863041
1.343723
1.632037
1.434468
1.598936
1.769665
3.230258
3.714984
1.359707
3.891654
1.359950
2.020362
2.402788
1.365183
2.434007
1.585865
2.902835
1.639147
3.029480
1.739656
2.748240
1.355184
2.731778
1.356434
1.373882
1.425665
1.649151
1.360275
2.194893
2.115713
1.427623
2.729317
3.025872
2.687803
2.789391
1.400693
2.424887
1.521665
1.425787
1.923441
1.324015
1.649352
2.178754
1.868426
1.557994
1.660530
2.006491
3.105602
3.472645
1.350855
1.605490
4.027022
2.331879
1.517008
2.504951
1.454433
1.831529
1.977188
1.629488
1.806259
1.977469
2.302460
1.408973
2.770614
2.901966
2.364557
1.637957
1.321553
1.933457
1.564975
1.895215
3.706945
1.836259
1.355808
1.429719
1.368018
2.279232
1.632626
2.211193
1.343929
2.293546
1.841763
1.323680
2.168828
1.376440
1.554362
2.450886
2.336067
3.573734
1.361421
2.172983
1.347716
2.332227
1.438917
1.466820
1.698767
1.397731
1.360929
1.377086
1.431210
3.595062
1.427746
2.461221
1.678997
2.618014
2.451254
3.674999
1.542608
1.555915
1.328519
1.864321
1.931282
1.705882
2.339563
2.541444
1.476190
1.531943
2.799035
2.015434
3.860693
1.412617
1.816977
1.477920
1.524417
3.601845
2.463811
1.421795
1.858701
3.480261
3.936767
2.856698
2.090551
2.306243
1.337099
4.342379
3.260880
1.350929
3.592456
3.521107
1.621514
2.082656
1.382556
1.326235
1.339291
1.579351
3.873387
1.338030
1.518769
1.408302
1.587870
1.571494
1.325983
2.688207
1.792544
2.179718
1.321598
3.134746
2.782701
1.327209
1.342570
2.797356
3.894983
1.683423
2.025016
2.828153
1.889441
1.412732
1.377736
1.635187
4.219140
1.917796
2.632618
3.544249
3.871177
3.557675
2.845589
1.433712
1.949890
1.369680
1.432583
1.367584
3.633282
1.925598
3.527780
2.712556
1.686388
1.905788
2.034076
1.414006
3.183841
1.735836
2.739586
3.866760
3.237890
2.442798
1.351675
3.135210
4.142554
3.111135
1.991334
1.330191
3.073039
1.563402
2.497417
3.015069
2.223680
1.482281
1.358418
3.486364
2.834096
2.838773
1.332648
1.378295
2.879466
1.562176
1.738306
1.360031
1.518128
3.666521
1.527021
3.670758
1.359302
1.703503
1.494474
2.684573
1.860231
3.989608
3.979449
3.589330
1.721827
2.124707
1.464304
1.338657
4.084202
2.448677
1.446704
2.086295
2.862696
3.095480
2.955825
1.450677
4.156509
3.918340
4.027591
4.306338
2.370941
2.146622
1.350041
1.401870
3.192323
3.094102
1.426520
1.702424
2.255608
1.744624
4.476563
3.113443
3.719276
1.839258
2.120359
3.445841
4.324332
3.961436
3.657000
4.489448
4.362897
4.359271
4.205619
2.373784
4.058970
2.850284
3.341926
2.988213
1.853617
1.780208
4.491905
1.402622
1.682789
2.406396
2.811661
4.077883
2.953618
3.819517
1.480094
3.488909
4.138490
1.754419
2.623530
2.423795
4.260482
2.840476
1.868683
2.013121
3.705339
2.169147
1.434972
3.143581
1.335759
3.954697
2.536852
1.742588
1.426642
3.937326
4.046397
4.233281
4.266411
2.586657
2.876018
1.398257
2.449781
1.556088
1.320799
1.351750
2.042014
4.033283
3.762952
1.511140
1.440073
3.175378
2.018621
2.042308
1.744851
3.068476
2.824339
3.667050
2.658071
1.545990
1.371095
2.023560
3.338006
3.394241
1.543958
4.192131
3.220738
1.931554
1.909778
1.341103
4.453924
3.272425
3.312617
1.658689
2.799455
2.328744
3.066198
1.800942
2.889398
2.347627
4.129792
1.392557
2.783119
4.296763
3.483312
1.806501
1.643730
3.575292
2.481673
2.663271
1.691071
2.487284
4.446599
3.548892
3.840887
4.126317
2.208902
2.821799
2.064290
1.804806
1.902871
1.750762
1.445523
1.702640
1.650361
4.132690
3.868416
3.006093
3.118526
1.667943
3.961998
4.508517
3.367005
2.090855
4.492520
2.321447
3.015519
3.787904
4.037841
3.345359
3.297558
2.625503
2.254602
1.861252
4.510981
2.513644
1.439430
1.510039
1.979723
1.476334
2.704416
3.303381
4.505437
2.623925
2.872575
1.908979
4.405252
3.348795
1.767803
3.045754
4.335154
1.350410
1.635385
2.751544
1.745758
4.166997
4.536298
4.148946
4.370760
4.482082
4.515297
2.353255
3.931176
4.405858
4.485150
4.012820
4.369550
4.194474
4.526407
2.140331
3.359121
4.327336
4.523319
4.033853
4.378634
4.523936
4.474111
4.371366
4.087652
3.905536
3.111596
4.213257
3.349286
1.726250
3.971561
4.482695
2.484664
1.543114
2.295257
3.418206
1.321196
1.463054
1.552814
1.319976
2.378413
1.618238
2.156103
3.465549
1.888394
2.662070
2.701979
2.182934
2.574986
2.302803
1.683634
4.243319
2.920693
1.725142
4.302746
2.781031
4.251598
3.330177
1.362662
1.566905
2.058316
1.732926
1.548028
1.671055
2.646906
1.776211
2.250249
1.392659
2.717043
1.868940
1.695126
2.894593
2.282631
1.871773
2.903269
3.820064
3.438285
1.333977
2.154203
2.276518
2.921130
4.177505
1.585137
2.270086
1.375796
4.098013
1.707831
1.995037
1.638353
2.954059
1.620742
1.618430
3.349777
1.460567
3.196571
3.812960
2.018911
4.363502
4.350820
1.473754
4.054395
2.125329
1.327676
2.916765
3.224067
2.697516
1.410444
1.575765
1.322833
2.072994
2.817571
1.910577
1.577197
1.417868
1.708048
3.306781
1.336243
1.443304
1.524905
1.869197
2.972201
2.505328
1.391946
2.473468
3.177727
1.910844
2.347978
1.857937
2.514781
1.533430
2.633014
1.893638
3.351743
4.342982
1.883695
4.438673
2.719085
3.500126
1.671679
2.556810
1.433838
2.697921
1.522311
2.605840
1.531449
1.340446
1.827068
1.354797
1.858192
1.861508
1.680680
1.784459
1.723373
3.621731
1.326489
3.635912
3.377872
3.815145
2.553344
2.673700
1.419645
1.580071
2.051477
2.157371
3.959751
1.481113
3.646444
3.984526
1.699626
4.130372
1.956799
1.772699
3.158978
3.280624
3.382820
3.270017
3.496554
2.963781
3.066653
2.907182
3.113905
3.373423
1.395747
3.023168
1.399101
3.705874
1.522472
3.595584
1.630663
1.440201
4.038411
3.829369
4.050966
1.364421
2.572659
2.257621
1.733150
3.055279
1.463748
2.936456
1.390126
3.032189
3.648026
1.419052
3.145444
1.545142
2.904573
2.260646
1.663815
4.013388
2.647304
1.378856
1.351376
2.235257
1.413195
3.897758
2.817993
2.486161
2.852848
1.931826
1.953202
1.617277
1.603986
2.257957
1.748711
2.084777
2.503820
1.577914
3.153372
3.379356
2.096651
2.727677
1.714799
4.062404
1.828057
1.581152
2.049994
2.344117
2.379839
1.745985
2.028224
1.891013
1.572381
2.327700
2.721128
2.651685
1.374245
2.426708
2.162136
2.452728
3.571140
3.779760
2.993120
2.698326
2.760234
2.630640
2.336416
1.370563
3.053009
3.456441
1.668772
3.994130
2.213159
2.470863
1.383520
2.461590
2.876880
1.557300
3.592977
2.934700
1.627534
2.190355
3.699461
2.459372
2.469004
3.637490
1.691284
1.553501
1.946036
3.990173
1.747574
3.944604
3.095939
1.764786
1.411240
1.986224
1.848052
2.053258
1.583866
2.559123
2.301086
4.174584
2.464181
1.331405
1.334329
1.999607
2.509483
2.188737
2.266709
2.790648
1.342301
3.381830
2.734241
2.168189
2.149777
1.341700
2.907617
2.895026
1.422396
1.891275
1.343314
1.386248
1.968771
3.249847
1.345242
4.431366
2.913277
3.444329
3.318949
3.844732
1.730027
4.319528
4.359876
1.874612
1.471620
1.370120
3.206503
3.354692
3.078064
1.578093
4.499283
1.752131
3.114828
3.804776
4.462480
4.371971
2.641737
2.246907
1.374699
2.612902
2.268734
1.608699
1.404027
4.182766
1.737631
3.291260
4.413742
2.828578
4.474724
3.768372
4.493134
4.089952
2.693465
1.953478
4.464927
1.954584
3.661229
4.499898
1.687237
4.533205
4.171665
2.300056
3.368979
3.200824
3.723573
4.135590
2.353607
4.052680
3.531377
1.408413
4.114169
1.558167
2.559509
2.611331
3.612301
2.564142
1.852350
2.479806
1.354334
1.526369
1.425057
1.950165
3.963684
1.529968
1.993612
4.333349
1.368802
2.397028
3.785731
3.784645
2.025307
1.334862
4.493749
4.494978
3.643282
4.028160
4.152435
3.765119
3.504212
2.150724
1.567608
2.834521
1.423119
3.173500
2.487659
2.809553
1.407308
2.406757
4.463092
2.537234
4.080180
3.369473
2.145362
1.574516
4.081329
2.693869
3.310671
4.531350
2.628268
4.072719
4.496823
2.133438
3.118988
4.213845
2.879897
2.189061
3.845282
4.366525
2.156420
2.755679
1.608889
3.048019
3.677652
3.638016
2.663671
1.649554
2.653679
2.063392
2.607800
3.782473
2.569946
4.209143
3.927266
4.379240
4.538155
3.845831
1.855140
1.461670
4.062977
3.311157
1.754648
2.372362
4.085926
3.446849
4.088227
4.164665
3.222165
1.539251
1.971010
3.882236
1.753046
1.328307
1.604173
4.531969
4.414349
2.625898
4.209731
4.509133
3.931735
3.327733
1.406428
3.659643
2.255943
3.431245
4.520849
4.088802
4.538773
4.475337
4.168164
1.381028
2.492158
4.002617
4.416777
2.619983
4.521466
3.972124
4.490062
4.527024
1.856156
4.420421
3.369966
3.540641
1.450810
4.536917
3.932294
4.527642
3.865105
3.920013
3.367499
1.407418
4.172249
4.168747
1.708265
4.528260
4.169331
4.518381
4.153599
3.221214
4.157091
4.374999
3.934530
4.443549
4.408889
2.250583
3.359613
1.366722
2.160228
1.323728
1.819920
2.189384
1.322509
2.922878
2.754024
3.194210
2.028516
1.549390
1.942743
2.073897
2.751957
3.145910
1.366292
2.017171
1.521826
1.368105
1.489072
1.504887
1.433084
2.248911
3.957504
1.789205
4.139071
1.996749
2.017461
2.303147
1.567784
1.610215
3.778133
1.376164
2.180039
3.201297
1.342100
2.195867
3.544765
1.625197
1.845029
1.823611
1.912178
1.319258
1.791111
1.532439
1.613259
1.822133
1.755794
1.646937
2.198141
3.728949
2.337115
1.991619
1.417986
2.040540
3.418707
1.335040
4.122843
2.108615
3.880575
1.523282
3.238368
3.953013
3.401217
3.087220
3.355184
2.593300
1.349674
4.389515
2.074198
2.261991
4.073292
4.364106
3.361090
3.568548
4.078457
2.801976
1.661555
1.381981
3.593498
2.105539
3.048926
4.236822
1.664845
1.975781
2.181325
1.348436
2.710111
2.931631
2.935139
3.797149
1.990766
1.327729
1.467241
1.396789
1.687450
3.998089
1.677947
3.343397
2.206941
1.920481
4.299754
4.351423
3.962560
4.450260
3.928942
1.780444
2.836646
1.697694
3.098697
1.403594
1.342368
2.358545
1.379985
3.699994
1.869969
2.419432
2.215127
1.387828
2.215455
1.792783
1.898113
2.219070
1.339674
3.940684
3.579447
3.511372
1.695340
4.144878
1.387927
3.233118
3.519056
2.603099
1.391135
1.724257
3.192795
4.059542
4.502359
4.394353
2.245905
3.947966
3.335068
2.535324
3.756457
3.826083
4.272941
1.731141
3.256079
1.471762
2.174905
2.613295
1.555224
1.863297
1.508784
1.537748
3.846381
3.802051
3.628028
2.636579
4.385285
3.029931
1.448684
4.146621
1.778325
2.019201
3.069845
3.124542
3.648553
3.470109
2.511374
4.428324
3.323339
2.587046
3.837594
2.735474
1.493870
2.804079
4.321930
2.956266
1.953754
3.999221
3.881129
2.428895
2.392359
2.998483
1.486695
1.338973
1.948787
3.838142
1.447758
3.352234
2.624319
3.439795
3.165998
1.345731
2.273807
1.910044
1.980852
3.141719
4.343584
1.344203
2.045555
3.731639
2.485038
2.028809
1.738530
3.272907
1.718965
2.397388
3.322363
2.092683
3.419208
4.439283
1.372706
1.914582
1.595039
4.297361
1.339738
3.744032
3.211716
3.137069
3.049379
2.435836
3.313591
2.512509
3.171623
3.929500
1.393785
3.826631
4.424067
2.497793
1.690004
2.145677
3.350269
4.246275
3.518030
3.715520
2.965552
3.822799
4.322530
4.143135
2.243238
1.569371
4.020201
1.349162
3.519568
1.586775
1.329160
3.696796
1.388624
3.383316
1.558688
1.382845
1.969610
2.013410
1.326540
2.598006
1.378389
1.606243
1.976062
1.402730
3.857937
1.613450
2.724810
2.057124
1.650563
1.597448
1.751446
2.370231
2.119429
4.154181
2.969540
3.976067
4.377422
4.435628
2.628663
4.086501
2.627478
3.868968
4.243910
3.932853
4.515913
4.533824
1.560778
1.426764
1.399206
1.344272
1.471903
1.985375
3.298043
1.827315
2.529600
2.376988
2.380196
2.685784
2.008218
3.259439
3.012823
2.089638
2.031147
3.202716
4.114747
3.378366
1.758091
3.453410
2.453096
1.849062
2.304866
2.527695
2.553729
4.269972
1.630859
1.398362
2.578482
1.856411
4.070425
4.436237
3.967621
2.566849
3.968184
2.374140
4.486992
2.498922
4.487606
3.895538
1.642931
1.327365
1.326033
3.737562
1.895479
1.607754
4.331545
2.929441
4.372576
2.177470
2.550652
1.989913
2.734652
1.879534
1.849315
1.355964
2.981977
1.405661
1.650765
2.046738
2.590168
2.719493
3.713375
3.142185
1.706099
3.500637
3.463017
4.123422
2.404591
2.135942
1.450944
2.935578
2.286717
1.327416
2.964224
1.450011
2.258629
2.618408
3.053463
3.273389
1.706315
3.772168
4.456978
3.006542
1.954031
4.439892
3.690406
1.850325
1.427869
1.997034
2.854986
4.153017
3.112058
3.286905
2.407118
4.468599
1.389624
4.335756
1.571671
3.614918
4.227974
3.236458
4.394958
4.353837
2.887236
4.040121
2.570333
2.668079
3.440298
1.665051
3.852431
3.335557
4.379846
1.912444
3.911099
2.618801
2.611724
2.952295
2.837072
2.857126
4.469212
2.132188
4.159420
1.560255
3.892763
3.235026
3.729486
3.968747
4.120529
3.972687
1.651573
1.361011
2.855414
3.758621
3.147774
3.694132
2.003619
2.262328
2.110772
4.165248
3.740796
2.538382
2.318327
4.244501
2.291495
2.781449
1.441619
3.010130
2.123464
3.792252
2.202372
2.932069
2.708890
3.854082
2.017751
1.435099
1.495684
1.839508
1.329214
2.292520
2.429260
1.320580
3.268573
1.381504
3.451895
1.928570
2.528076
2.034369
1.441748
2.329092
1.686600
1.639346
2.501935
1.842014
1.634398
1.422516
1.806743
2.054744
1.622095
4.390724
2.707262
1.390629
1.520375
2.768535
1.754877
4.433192
3.473152
4.352026
4.246866
1.406537
1.855394
1.427992
4.240956
2.723582
3.097318
2.877311
2.557195
2.712963
2.417617
3.094561
2.319713
1.570254
4.038981
2.252256
2.296284
1.329973
1.458919
1.690217
2.095735
1.444738
3.829917
1.392048
3.293681
4.230332
3.228828
1.548198
2.778111
2.343065
1.533596
1.321241
2.829850
1.817957
1.365268
1.752360
2.009946
2.160546
4.387702
1.500566
1.529148
3.883897
2.105846
3.444833
2.374496
2.136255
3.466055
3.421713
3.284005
4.457590
3.370460
2.575374
1.969890
2.961127
1.900490
2.269072
1.376532
3.937886
2.850711
1.650967
2.559894
1.705016
4.098589
3.463523
2.943925
3.541156
3.261360
3.015968
2.824763
2.146937
1.657260
1.484040
3.950209
3.409203
1.423239
3.411702
2.201069
3.701594
2.034663
1.838758
2.252926
1.419764
2.809974
2.565302
3.985091
2.390208
1.717208
2.386627
4.219728
2.984648
3.678183
2.337464
3.694665
3.281107
1.339802
1.719184
1.729137
3.802596
2.430720
3.850230
2.638165
2.469376
1.700701
3.476198
1.404788
2.606232
1.448816
3.561814
4.414956
3.602368
4.203858
2.059509
4.241546
1.666909
3.566993
3.537551
1.395126
3.630654
3.137534
3.213140
2.321794
1.327886
1.382941
1.439558
1.852603
2.812082
4.099166
3.051194
1.681102
4.447209
3.774880
1.797094
1.737856
4.187446
2.339913
2.732188
4.254558
4.249823
2.073295
4.147202
3.239323
3.082181
1.938364
3.852981
3.747271
4.306937
1.330574
4.233871
1.396059
4.440501
4.054966
3.807503
2.561052
4.139651
3.772711
2.980642
1.713488
2.689419
2.986875
2.047033
2.060703
1.444999
1.388027
3.092724
2.465663
1.967094
1.643930
2.001612
3.409703
3.830465
1.657464
3.749971
2.735885
1.661760
3.631180
2.051773
1.344341
3.206977
2.141273
4.136170
1.690431
4.075013
1.834763
3.560778
2.128755
2.443165
1.330629
2.096957
2.985093
1.440716
4.401617
3.542702
2.495537
2.129691
1.933729
2.037892
2.764797
2.744528
1.438149
2.933823
1.349381
2.778528
3.016418
3.750511
1.358018
2.019491
1.611165
1.763166
2.005629
2.580426
1.403702
1.341367
1.342908
1.565150
2.887669
1.447890
1.992472
3.137998
3.078521
2.068485
4.279477
1.380648
2.506838
1.758782
3.799327
3.325291
2.440230
1.457826
3.452400
1.601362
2.925939
1.392965
2.601533
2.971314
1.995322
1.525718
3.920570
1.346152
1.955691
1.501180
1.331127
1.611355
1.321643
2.919383
4.281856
3.838691
3.476705
3.193266
2.900230
3.225971
1.373428
1.360113
2.235589
2.055933
2.006779
1.457008
1.318153
1.648546
4.075587
2.345520
1.396893
1.339354
1.741234
3.028126
2.964667
2.107384
2.262665
3.491456
4.364711
3.194682
1.401548
1.387333
1.421196
2.549499
1.544127
1.322879
1.338343
1.647138
1.371541
1.366378
2.807025
2.765212
2.788136
1.536083
2.055041
2.494035
4.126896
3.080351
1.345801
1.390226
1.342435
3.678714
1.772932
2.837497
2.773944
2.136568
1.872804
3.497574
4.454535
3.841436
3.026322
4.095709
4.436846
1.473897
2.048513
1.320019
1.384294
2.079328
1.541263
3.661758
3.222640
2.350087
2.403148
1.423360
2.721537
1.771764
2.932508
1.374790
3.058915
1.430091
4.477176
3.884450
2.531888
1.330410
3.307267
3.577369
3.010578
2.739997
1.661966
2.528457
2.757335
1.766642
3.768914
4.433801
4.079032
2.671290
3.511884
2.785626
1.494625
1.807713
3.000272
2.551036
2.171704
4.320129
2.624714
1.736958
1.551099
1.506753
3.721424
2.112314
3.815691
4.195060
4.344187
4.016225
2.830274
1.681312
3.401715
1.719404
2.707669
4.354440
2.831972
2.386985
1.495836
1.337284
1.876423
1.467382
2.138762
2.289105
1.570431
1.332705
2.599968
3.426727
2.025599
1.476478
2.936894
2.768951
2.117879
1.331797
1.479513
1.817222
2.658471
3.304838
1.436112
2.274145
3.168341
1.325681
3.602890
3.775964
1.454568
1.829048
2.164045
1.716331
2.079630
1.988777
1.716550
1.799016
1.324840
3.805321
3.885004
3.270499
4.162916
2.598399
1.439687
2.516296
4.463704
3.407205
2.507971
1.575944
2.695084
3.756998
1.604361
4.175168
1.572558
1.320363
2.561438
1.892587
1.678157
2.608192
1.742137
2.621953
3.087678
1.762010
2.911534
1.812578
1.703719
1.627729
3.980013
1.449479
2.554114
3.504723
4.336358
2.529981
1.850578
2.244238
1.759472
1.995607
3.330666
1.386839
2.061599
3.261840
1.984243
1.727581
2.421612
2.170744
1.809656
1.338720
1.720285
1.428238
2.169466
1.321869
1.490415
1.353034
1.810629
1.334565
1.759012
1.331573
2.069686
1.561127
2.515159
2.905008
1.520536
1.965140
4.230922
1.619392
1.415169
1.342975
1.938911
1.529312
1.351825
2.357486
2.760649
2.431085
2.633410
2.126574
2.792323
3.886666
2.863125
1.786592
1.723594
1.568665
2.278214
1.329268
1.599123
2.749479
2.104617
1.990197
1.457962
2.320060
2.877742
1.532108
3.531892
1.550244
1.345871
1.592271
4.189202
4.021337
3.575811
3.109751
2.271776
2.802397
1.769898
4.396773
1.671263
1.465420
3.861244
2.763137
1.518929
3.753754
3.153839
1.915920
2.757749
2.767289
1.344410
3.450381
3.186666
1.904992
2.675710
2.358898
2.416166
2.345871
1.537915
1.356986
2.489157
2.160864
1.440330
1.980005
2.280251
2.364911
3.858488
1.545481
2.346222
2.538764
2.388059
4.043544
1.799257
1.934274
4.133270
3.317487
4.024748
1.360357
2.944365
1.906054
2.473840
2.644121
3.379850
1.404897
4.513447
4.459423
4.469824
1.886564
1.409537
1.849567
1.332934
2.397747
1.443825
1.761086
1.377829
4.524554
3.276764
4.355044
4.063549
3.969309
3.294166
1.329701
2.740409
3.823346
2.554499
3.296104
4.336960
3.004749
1.358899
3.195154
3.550440
3.673409
1.728247
3.169747
3.130568
2.520470
1.410557
2.322140
1.629683
1.410671
1.360438
3.553539
2.842179
1.793022
2.544126
1.448949
3.082639
4.424675
3.610731
1.808684
1.997320
1.343997
1.397836
4.447819
1.981981
2.256950
4.133850
2.514023
1.470486
1.711525
1.903136
3.132424
3.850780
4.509749
3.305323
4.117637
2.132501
1.358098
3.916669
2.581982
3.138463
2.525031
2.072091
2.767704
3.841985
1.604549
3.474675
1.400055
2.276857
1.998749
1.906319
2.237249
1.468367
1.782567
1.602298
2.455678
2.183900
4.428932
1.569547
3.208872
2.296627
4.003184
3.239801
2.594868
1.622869
3.099157
4.437455
3.842535
2.807446
2.461960
1.618622
1.667116
3.869520
3.419709
2.202698
1.545650
2.847296
2.644519
1.512244
1.384003
1.533761
3.053917
1.641535
1.946311
1.924789
2.505706
1.468508
2.568010
1.711090
1.702855
1.712179
1.695981
1.437256
2.681347
3.780302
3.325780
4.327937
4.025316
2.539147
2.575763
3.562331
3.862347
1.687662
3.189493
1.789919
1.336304
1.387432
1.331629
1.401120
1.738755
3.416704
3.120376
1.561302
1.657668
2.278553
3.155707
1.540256
1.375064
3.603412
3.003405
3.065286
2.546043
3.412202
3.820611
1.355262
3.402214
1.692993
1.512402
4.275911
3.751051
4.460035
3.738101
3.964247
3.617537
2.253261
1.338092
3.013272
3.579966
1.553673
3.486873
1.340511
1.357065
1.660735
2.034956
3.569066
1.729359
1.733373
3.521620
3.185253
1.341766
4.067559
1.802148
1.476766
3.999787
3.641175
1.743493
3.277246
3.732177
1.532604
1.728470
1.475759
3.438788
1.403269
4.289593
1.487288
2.603490
2.185511
1.649756
1.779266
3.688810
1.395851
1.322694
2.596829
3.898313
3.187137
1.397941
1.719624
2.509861
2.207267
1.358178
1.997606
3.574253
1.722048
4.290189
2.219399
2.861409
2.929879
3.788447
2.482047
1.932097
3.020466
4.093981
3.163188
3.440802
3.547344
2.763552
4.518998
1.943840
3.751592
2.260982
2.626293
3.970435
3.122227
4.450871
3.470616
3.357152
3.766203
3.294650
4.357459
3.887220
3.994695
3.439292
3.160849
2.671691
2.625109
3.242669
3.125005
2.570720
4.355648
4.397379
4.360480
2.416528
4.225617
1.375155
3.736485
1.691498
2.464922
1.887609
1.371184
2.669684
2.067285
4.007716
3.671288
2.359252
2.215784
3.447354
1.986508
1.479658
1.805048
1.436239
1.579531
1.353567
1.329376
2.549883
1.550415
1.567960
1.603235
3.827178
1.687875
3.480770
1.703071
1.616318
1.940278
2.551421
1.972973
1.878755
2.654477
1.474755
3.719813
1.363162
1.631055
2.587827
2.866558
1.967373
1.511770
1.356513
1.462499
1.847044
1.751675
1.398046
2.568397
3.618061
1.839758
2.688611
4.048681
3.498085
2.522749
3.657528
1.640539
1.395229
1.939184
4.425283
1.762241
1.340642
1.356042
2.834946
2.666476
2.353960
2.383766
1.939458
1.328413
1.332192
3.856836
1.530461
2.118189
1.517168
2.478313
1.534590
1.485956
1.340708
1.389724
1.591168
1.319721
1.386937
2.275840
2.913713
1.368192
1.358498
1.655834
2.810396
1.920750
1.463887
2.238911
1.427377
1.952649
1.487436
3.084471
2.380553
1.576659
1.343043
1.532769
2.328047
2.613688
2.388775
2.551805
1.815998
2.708076
3.695198
2.003045
1.912712
2.813770
2.390566
1.453490
1.340188
2.699543
1.552986
1.325085
2.224010
1.347358
1.416222
1.382652
3.590893
1.322096
1.785169
1.351152
1.888655
1.325732
1.497508
2.244571
1.746211
2.333972
3.571659
1.791827
2.876449
1.432708
1.326951
1.339418
1.529476
2.542593
3.189965
3.987914
3.713911
2.205308
3.814053
1.471053
1.464444
1.565325
1.463192
1.501950
2.001898
1.664021
2.754438
1.913780
2.176508
1.572914
1.713706
1.831778
3.023618
1.342637
2.047329
1.460704
1.811847
1.332992
1.451344
1.374335
1.372796
2.232605
1.473326
3.585166
3.263763
1.916724
1.752588
4.149527
1.484187
1.977751
1.964025
2.666876
1.558341
1.845281
1.965419
1.318193
1.632233
1.434594
2.013988
1.484629
1.381313
1.764091
1.408524
1.886825
1.413310
1.324207
1.827562
1.959851
1.407749
1.431334
1.519410
1.407860
1.317479
1.318395
1.503338
1.491014
1.317993
1.764323
1.511297
1.548368
1.317518
1.415520
1.768734
1.352730
1.451879
1.421316
1.356121
1.513192
1.955968
1.860486
1.825091
1.337718
1.489221
1.766874
1.453086
1.486104
1.459056
1.459742
1.550586
1.329756
2.359605
1.765713
1.420599
1.703935
1.411354
1.819429
1.345941
2.196191
2.500428
1.802389
2.747002
1.986791
1.970170
1.357144
1.454703
2.329440
1.430712
1.362745
1.451478
1.411012
1.382077
3.572178
1.611926
2.990889
1.488179
1.484334
1.483160
1.318033
1.324889
1.481550
1.629879
1.501334
1.386346
1.365694
3.955258
3.524699
2.977085
1.476910
1.437383
1.821149
1.481696
1.466540
3.394739
1.896795
1.995893
1.368453
3.489419
3.859039
2.158641
2.118499
1.457417
2.645314
2.080839
2.164363
1.382173
1.358980
1.351451
1.317557
1.498728
1.482427
1.482574
1.498118
1.344963
1.502412
1.327002
1.440974
3.253681
1.817467
2.603882
1.893900
1.318435
1.788016
1.802631
1.777150
1.420718
1.828305
1.757172
2.380910
1.761317
1.458099
1.363245
1.332023
1.759703
1.780915
1.695554
2.042603
3.721961
2.125640
4.055538
1.820166
3.057551
2.390925
1.480239
2.175225
3.287389
3.367992
2.905442
1.392149
1.797334
4.096285
3.965934
1.424328
1.838257
1.662582
4.385889
3.165061
2.207594
4.373182
1.446047
3.569584
4.429541
3.541672
2.196841
4.181012
2.917201
3.555606
1.477342
1.677318
2.113549
1.711743
1.850831
2.268059
2.926376
2.322487
4.261074
3.414703
3.562849
1.712397
1.706965
3.207451
4.323131
2.372718
4.425891
1.911110
1.446836
3.429236
3.262321
3.030383
3.019116
2.440597
3.556123
2.842605
2.410009
2.530362
1.658893
2.988659
2.606624
1.328572
3.039418
1.691712
2.183256
3.727335
1.450144
3.805866
2.942166
2.474213
4.021905
1.385171
1.468649
2.323182
2.795677
2.492533
2.368101
3.257519
2.429625
2.492908
2.954500
1.894163
2.005916
1.870227
2.585487
1.813310
1.475903
1.487585
1.659711
1.327938
2.658870
2.459741
2.357839
1.568841
1.466961
1.362912
1.589517
2.187446
1.353950
1.801183
1.369153
3.960312
2.444633
2.958033
1.366894
3.151038
1.847296
3.051647
1.394403
2.972645
1.555397
2.359958
1.631251
1.397521
2.837922
2.067585
4.402223
4.417384
4.466763
4.025885
1.325432
1.319763
1.416926
1.397312
3.371447
2.184222
1.690644
1.617661
3.491966
1.848305
3.385792
1.452013
1.381599
2.147253
1.335518
1.431833
1.319848
3.083097
2.270424
3.107906
2.023851
1.339037
1.992757
1.602485
2.108923
1.426153
1.426887
1.396476
4.215022
2.705635
2.797775
2.099404
1.836509
3.402713
2.993567
3.686151
1.669809
2.686188
1.847548
2.883349
2.677320
1.401977
4.380452
4.000353
4.000919
1.734716
2.114167
2.361372
1.696837
2.938651
1.391438
1.727803
1.665258
3.218837
4.070998
1.559558
3.618585
1.747801
2.851138
3.024069
2.686591
2.689824
4.391329
4.502975
1.505819
2.106769
3.535492
2.099710
1.381695
1.909245
3.254160
1.442266
2.401347
4.064694
1.638552
3.287873
2.431450
1.921018
4.375604
1.346576
3.020916
1.392251
1.774805
2.092074
3.471123
3.236936
1.347073
1.385757
2.698732
1.776446
2.031440
3.148706
1.446178
3.038513
1.344617
4.215610
3.157576
2.798195
1.471194
1.829296
2.312449
1.803839
3.985655
1.646536
1.370918
2.214471
1.949063
1.952097
1.861763
1.820411
1.346011
2.111080
3.622255
2.762307
1.971290
3.173970
2.410371
1.366980
1.372167
1.385855
4.467375
3.515468
2.967324
2.316943
1.600241
2.225660
1.401655
2.771862
1.616510
1.438277
2.926814
3.839240
4.245092
3.976631
3.615442
1.485218
4.035562
4.258704
2.855842
1.410784
1.352503
2.729727
2.469748
3.669169
1.786829
3.151505
2.307965
1.350632
1.335880
2.737118
1.503493
3.149173
2.081142
2.330485
1.359060
2.225990
1.887086
2.965995
1.339482
1.341169
1.898641
3.468589
3.494004
2.585877
1.344066
1.424449
1.761548
1.433210
1.388723
1.641734
3.576330
3.710695
2.193271
2.120669
2.437300
2.783537
1.799497
1.320406
1.862019
1.804080
3.498595
1.599309
1.662787
1.443955
2.161182
1.879014
2.998930
1.891537
3.532406
2.590559
2.011966
1.350115
1.573803
2.908052
3.848030
2.312794
1.901548
2.274484
1.369240
3.389265
2.381980
1.327468
1.396998
1.348075
2.398107
1.498881
2.652084
3.596627
1.459193
2.891995
1.361093
1.406867
3.653831
1.916992
4.417992
1.356671
3.727873
2.173944
2.100323
4.247457
2.515538
4.143716
4.065267
2.445001
3.911656
4.418599
2.012254
2.299027
4.238593
3.893318
2.664072
3.808048
3.464029
3.574772
4.421029
4.160003
4.332146
1.535419
3.000719
2.038775
1.322555
4.051537
3.930059
2.123774
3.247453
1.449612
1.364000
1.457144
1.340059
1.473469
1.319009
1.474183
1.999893
3.386288
1.353110
2.820530
2.758163
1.333280
2.800715
1.490116
1.365950
1.794218
3.958065
4.217374
1.876682
2.636976
2.413991
1.662171
4.128054
3.063009
2.794419
3.722498
3.100537
2.699949
1.349454
2.199767
1.709568
2.209229
1.320624
2.165956
2.053555
1.830536
3.383811
2.116022
2.523129
3.585686
3.543218
1.898905
3.260399
2.561824
1.720945
1.636966
3.760786
1.468932
1.582779
1.399312
2.064589
2.995800
2.239243
4.276505
4.314129
1.573091
1.897059
3.412702
2.451622
2.050290
2.414353
3.392250
1.466680
3.311644
3.763494
2.620377
4.511598
1.601549
1.335100
2.956708
2.958475
4.497438
2.830699
3.786274
1.381123
2.022106
2.310723
2.498170
2.344468
1.326337
1.510196
1.494776
3.499105
3.810231
1.578273
2.499298
3.923359
2.761063
2.567236
1.592455
4.263446
1.368541
3.115290
3.773254
2.595260
2.250918
1.512560
1.455650
2.839199
2.832397
2.804500
1.353414
2.092988
1.517328
1.521181
1.324546
1.836759
2.048809
3.254640
1.380743
4.206207
2.052070
3.673939
3.001614
3.284488
3.144047
1.849820
1.701777
4.206794
4.458201
3.651719
1.318476
1.536748
1.879793
2.404952
2.989104
1.526532
1.460017
1.480385
1.964303
1.958463
1.322740
1.421436
2.050587
1.858956
1.579711
1.415286
1.970450
1.765945
4.210319
2.032318
2.085081
1.514937
1.335159
2.065787
1.717866
2.740820
1.581333
2.348681
1.897322
1.324595
3.941804
1.530626
1.520697
1.731364
2.175546
1.675015
1.526695
1.638750
1.384975
1.884476
1.821395
1.323871
1.782804
1.887871
1.960963
3.172092
2.776027
1.377922
1.488625
1.337905
2.985539
1.320843
1.899169
1.883955
3.761328
4.434410
3.754294
1.597634
2.944805
2.637372
1.912979
2.351143
2.354312
1.901812
1.897586
2.857554
1.390327
1.495988
4.349613
1.539418
2.002185
1.505974
3.073495
3.059370
2.667277
1.510353
1.417044
1.597820
1.795176
1.795415
1.705232
2.812504
1.639545
1.479077
1.385268
1.319425
2.652482
1.628705
1.580251
2.219728
2.151040
1.607943
1.515096
3.250805
3.986220
3.589851
2.888101
2.003906
1.974095
2.210211
1.525880
4.053251
2.439131
2.781866
1.657872
2.237581
1.341833
1.399418
1.371809
1.555570
1.320887
1.842265
1.826079
1.402085
2.825187
1.635582
1.339866
3.099617
1.563576
1.511928
1.389824
1.379232
1.967652
3.903313
3.598713
2.546427
2.440963
3.980577
1.370209
2.804920
1.568136
2.244905
2.027057
3.336047
1.614405
1.419883
2.232936
1.887348
1.339100
2.000180
2.738351
2.752370
2.528838
3.918898
1.352806
1.389925
3.371941
2.532269
1.457553
1.330028
1.763397
1.918869
1.442395
2.853275
1.840009
2.044078
1.737182
2.429990
3.044848
3.613871
3.594019
1.584048
1.559732
1.318639
1.400800
1.472046
2.125952
1.602672
3.603935
2.067885
2.810817
1.452549
2.975308
3.142650
4.290786
4.309933
1.396580
4.479015
3.558192
2.752784
4.165831
4.320729
2.132813
4.166414
3.848580
1.327991
2.689015
1.563751
1.329538
2.263675
2.349032
1.668150
3.599235
4.471661
3.190436
4.046968
3.878362
1.741459
3.708552
1.443434
1.771998
3.981141
3.054371
1.542777
2.530744
1.966256
2.037011
2.412542
1.396163
1.973253
1.461394
2.939090
1.467523
3.257999
2.726038
3.055733
4.255150
2.341663
2.595652
3.717130
1.436366
1.338406
1.357620
4.016793
2.506083
3.102838
4.324933
2.378770
1.673345
1.934546
3.483820
2.047625
2.521229
1.364759
1.950717
4.044114
2.914148
3.615966
2.982422
3.716056
2.786045
1.964582
3.084929
2.059807
1.450277
1.368890
3.654359
3.792796
2.780197
1.614596
2.217097
2.510239
1.480530
1.522634
2.665273
2.139076
2.352551
1.683000
2.573046
3.291744
3.899979
3.240279
2.548347
1.361175
2.057422
2.650489
2.989550
1.719844
1.679207
1.573269
1.763628
1.674180
1.997892
3.790077
1.402192
4.259296
3.453915
3.299013
2.102162
4.519615
4.060114
3.955819
3.441306
1.403810
1.367066
1.338155
1.947411
1.417397
1.625391
1.921287
2.022396
3.011027
2.825610
1.628901
2.654876
3.203189
1.805290
4.013955
1.479803
4.239184
2.593692
1.346646
2.332576
1.319891
2.695489
3.456947
4.029867
2.973089
1.637164
2.880328
2.532651
3.810777
1.882393
1.328043
1.512718
1.541431
1.825338
1.476622
1.585319
1.366035
3.460487
3.422214
4.307536
2.166913
1.594300
3.314565
1.351900
1.418341
1.606432
3.873939
3.823894
1.823857
3.494514
1.911377
1.421556
1.574694
2.598791
1.750990
2.802817
4.022474
3.060734
4.261667
2.857982
1.507376
1.507533
1.645532
4.391934
3.336537
3.172562
4.311731
1.753274
3.217412
2.398467
3.247931
2.030270
1.536915
1.341235
1.408635
2.948328
2.840902
1.532934
1.865859
1.606621
1.385366
1.381790
1.783040
3.093184
1.353643
1.595779
1.333569
1.322279
4.358063
2.643327
1.467663
1.515255
4.150109
3.907761
3.427228
1.581514
2.914584
2.674102
1.584410
1.322601
1.866115
1.340252
1.822379
1.859211
1.361833
1.870484
1.775039
2.678527
2.264349
1.344686
2.421976
1.968211
2.588217
2.814614
1.891800
1.417514
1.499034
1.322142
3.786817
1.458509
1.324256
1.344479
2.008506
1.993042
1.928841
1.962076
2.573434
3.245538
1.674389
2.167232
4.455146
1.633216
2.454571
2.586267
2.779362
2.416891
2.792742
3.159445
2.081445
1.742814
3.190908
3.466562
2.523509
1.573981
1.627924
1.345033
1.379326
1.424813
2.226320
1.343111
1.402299
1.888132
1.516051
2.869565
2.151356
1.753961
2.769367
1.610405
2.405313
4.081903
2.958917
1.557473
1.671887
4.314729
1.318844
1.444085
1.391540
1.409086
1.333338
1.945212
1.453221
1.416339
4.014522
1.520858
1.342705
1.554535
3.667580
2.742056
2.502312
1.367152
1.984525
1.896268
1.411468
2.234262
2.695894
1.668979
1.586047
1.326084
1.378482
1.731587
1.969050
2.816303
1.603422
1.363496
1.515414
2.670085
3.246017
1.482720
2.512887
1.826326
2.713371
1.481842
1.647339
1.499493
1.654208
2.408563
2.375563
1.328625
2.786463
2.788554
2.737529
1.779502
3.281590
3.556640
3.203663
1.596706
3.089512
2.873005
3.816238
1.359383
3.599757
3.942364
1.616127
1.320191
1.513351
1.540423
1.974938
1.493116
2.582760
1.588236
2.875157
1.541599
2.450149
3.495024
1.373972
1.925058
1.584592
3.477213
2.832822
2.676113
1.400374
1.921556
2.313139
3.447858
1.867142
1.357859
1.325283
1.505042
2.713779
1.554707
1.907648
1.685328
2.169786
1.461808
1.319467
1.620935
1.455108
2.153253
1.329593
2.355370
1.359464
2.786881
4.030437
4.248049
3.671818
1.426275
1.471336
2.422340
2.085384
1.376624
3.640122
1.321330
1.351526
1.416456
3.278694
2.015723
2.055338
1.486844
1.927218
2.363141
2.239908
2.241905
4.178089
4.267005
1.880053
1.409198
3.724647
1.624420
2.016302
2.102469
2.114476
2.475703
2.749892
2.940408
3.945164
1.354874
2.224340
1.872030
1.500719
2.704822
1.966535
3.429738
2.937333
2.375919
1.335219
1.327520
1.957076
1.625586
1.639743
1.486252
2.453465
1.484776
1.348147
1.334624
1.991903
1.372886
1.347429
1.802872
1.566378
1.364506
3.139858
1.533927
3.319437
3.643809
1.961241
3.073952
1.373157
3.675530
4.210906
3.821158
3.492475
2.187769
1.553158
1.676061
2.909792
1.675224
1.391743
1.543283
3.229305
1.430215
1.927489
1.401227
2.424159
3.808594
1.543451
1.372257
1.889702
1.900754
1.337967
1.346717
2.014277
1.697908
1.612497
3.741335
3.384306
1.446310
1.377179
1.567080
1.525067
1.519893
1.688513
1.323443
1.795655
1.716769
2.776443
2.510617
1.547687
2.774360
1.497660
1.341434
2.478686
1.617853
1.593377
1.330464
1.371273
2.937773
1.561476
1.892062
2.818416
1.347787
2.240241
1.506130
2.789810
2.216112
1.560429
4.395563
2.425251
2.576539
4.339970
1.676271
2.919820
3.998655
1.346364
1.524580
4.312330
1.396267
3.831013
1.502720
4.479628
2.601924
2.300399
1.351003
3.821705
3.649081
2.151672
4.522084
4.503590
1.317597
2.086598
3.427730
1.414703
2.184544
2.220715
1.907914
2.476076
2.354664
2.376276
3.264724
1.908180
1.583322
2.932946
1.334684
1.491913
1.561651
2.086902
2.385196
1.851084
1.332477
1.324644
2.500805
3.131032
4.011118
1.383134
1.558862
2.329788
1.826573
1.771297
3.477721
1.502875
1.653599
1.386445
1.324304
1.355340
1.824597
1.642133
2.647702
2.053852
2.457524
3.259919
1.442785
2.881622
3.893873
1.479222
1.622288
1.462638
2.659270
1.410103
1.475042
1.509568
1.452683
3.425222
1.879274
1.743719
4.222672
1.414122
2.791066
3.386784
2.213487
4.110703
2.650888
1.324063
1.566553
4.047539
3.534463
1.326592
1.837008
2.710519
1.550757
2.710926
2.542976
1.567256
1.880572
1.452147
1.353720
1.978032
2.474585
2.924627
1.428731
4.157673
3.738640
3.832657
3.070301
2.599184
2.103696
1.477487
1.856665
3.034448
2.277196
3.923917
3.269054
1.736060
2.295600
2.516675
2.550268
3.078979
4.248640
2.410733
1.922633
2.826458
1.478643
3.175848
1.853871
1.952373
1.815264
2.441330
3.887774
1.936454
3.005197
3.209346
3.597148
1.350189
2.107692
3.654887
4.121108
1.521988
2.835371
3.248410
1.700916
1.679418
3.434763
1.424571
1.631448
1.508940
1.332762
3.413202
2.134689
1.705449
2.667678
3.307753
3.854633
1.796134
1.534093
1.637362
1.393068
2.863553
1.590250
1.401334
2.116332
3.240757
2.162454
1.881872
1.792066
2.235921
1.354411
1.364590
1.517488
2.730137
2.193595
4.426499
3.063465
1.475185
3.927825
4.172832
2.543359
1.873062
3.515980
2.314522
2.434373
1.436493
2.269410
4.183351
2.576928
1.909511
2.925064
2.460111
1.393272
2.047921
3.600279
4.267598
1.709785
1.963189
1.599495
1.884737
2.451991
2.502688
3.759163
3.088137
3.631705
4.480242
2.045851
2.373073
1.394506
3.467575
2.289446
1.565676
3.752132
2.736296
2.600750
2.111389
1.880832
2.742468
2.806183
1.647540
1.740106
2.735063
3.135675
1.608132
1.649957
2.401707
2.234594
1.639942
4.124001
3.364047
1.569724
2.158958
2.996694
1.588967
2.571883
1.556780
3.380345
2.610154
3.125468
4.358667
2.106154
1.572026
1.412848
3.563367
1.864577
2.962454
1.328785
2.672093
1.321374
1.566729
2.674504
1.421915
2.417980
1.383616
2.039069
1.425909
1.996463
2.150092
4.226206
1.323490
1.338783
2.523889
1.902077
3.597670
2.961569
2.396309
4.367130
3.431747
1.572736
3.717666
4.245683
4.488220
1.751903
2.129067
1.327054
1.672303
2.049105
2.664472
1.822625
1.903401
4.115325
1.586958
4.451481
2.272114
2.289787
2.982867
1.354952
2.456047
3.676060
4.315328
1.801424
3.146376
3.662287
2.765627
3.397229
1.495230
1.324693
1.842516
3.739179
3.407705
2.508349
1.389323
2.742879
1.980287
1.925868
1.436874
1.930739
2.682556
4.140232
1.393375
2.088421
1.748939
1.580431
2.277535
1.319050
1.704151
3.389763
2.217426
2.818839
3.622780
2.892427
1.386543
1.454838
1.875388
1.603610
1.520053
2.921567
1.330246
1.829544
1.395540
3.243625
2.089942
2.207921
2.159593
3.741875
1.932641
2.271100
3.567511
1.485366
3.501147
1.905257
1.722268
2.772279
2.135002
2.338513
1.647741
1.776681
2.198466
1.345311
1.577376
1.496139
3.091347
2.588607
3.512395
1.390730
2.159275
1.510667
1.520214
3.487382
4.091679
2.743291
2.058614
2.565688
1.948237
2.678930
1.343792
1.444215
1.437766
3.938445
3.664932
3.013721
2.869995
2.007067
1.463331
2.474958
4.111281
1.846036
1.589700
1.686813
1.388126
2.501181
2.805341
2.290129
2.355722
3.623304
2.521609
2.859695
1.918064
1.718086
2.079932
1.392761
2.405674
1.652788
2.198791
1.486992
1.636571
1.402838
2.320406
3.572697
1.881092
4.199751
1.576838
1.375888
2.748653
1.431958
2.672495
1.357223
2.706042
1.623644
3.244103
1.514302
2.948768
2.922004
2.022687
3.507279
2.541827
2.024142
1.356749
2.801136
1.461946
1.930196
2.508727
2.032611
3.742414
4.382266
1.867912
2.193919
1.560952
2.050883
1.892849
1.544296
2.521989
3.323827
1.385953
2.983312
2.728087
1.777385
1.388823
3.258479
2.635787
2.560280
2.183578
1.797574
2.379126
2.898928
2.717451
1.511455
2.148514
2.220057
1.689578
4.226796
2.313485
2.726448
1.350484
2.895460
1.978877
1.665464
2.192298
3.420210
1.818202
1.947686
2.203024
1.405770
2.866987
1.403378
1.377457
1.609078
2.471235
1.787066
3.559226
2.403509
1.405006
1.867398
4.293774
2.011100
2.940848
1.614787
2.417254
2.509105
3.582565
1.377272
1.548538
2.711333
3.628553
1.818938
1.322325
1.595964
1.842767
1.432083
1.570608
1.467101
1.588418
2.466034
1.835511
1.471478
2.293888
1.656037
1.325782
2.018041
3.273871
1.996178
1.777620
1.783276
1.672512
3.076236
2.503065
2.166275
1.440458
2.457894
3.295135
2.137508
1.373519
1.336609
1.835013
1.870742
3.896093
1.428854
3.146842
1.462084
1.504112
2.206287
4.232102
1.556261
1.884998
1.336365
1.325135
1.367671
1.615935
3.956381
1.392353
1.330082
2.180360
2.546811
1.337346
4.118216
2.490657
1.565851
2.116641
1.790158
1.666083
3.161316
1.495381
1.416574
1.687025
1.923710
2.835796
1.372977
2.010235
3.697329
2.917637
2.076308
3.315052
1.330684
3.851331
1.859466
1.600428
1.840259
1.528329
1.542103
1.475329
1.648748
1.387531
3.205556
2.114785
1.756024
1.610595
1.654411
1.424086
3.596105
1.386642
3.373917
2.662470
3.002062
1.320062
2.822223
2.408924
2.434738
1.474899
2.394872
2.522369
1.778560
3.058006
2.784373
1.684692
2.715818
1.778796
3.241235
1.327261
2.224670
2.771030
1.633413
1.523444
2.987321
1.554879
1.400907
2.923315
1.350706
1.326643
3.530349
1.488328
2.750305
2.308309
2.660470
2.337814
3.405707
1.503029
3.425723
2.320753
1.788254
2.247241
1.593561
2.008794
2.796097
1.580611
1.965698
2.016592
2.032904
2.389133
1.358578
1.688939
1.864833
2.432911
3.097778
1.926138
3.988479
3.695730
2.427072
1.673554
3.226447
1.540591
1.635780
1.477631
1.439045
3.554056
1.431459
1.718745
2.910228
1.505197
1.987075
2.305210
3.198461
2.402067
2.097263
2.280591
3.252722
2.230618
4.270566
3.074409
1.497813
4.118794
1.391844
1.428977
1.670639
1.483747
1.797814
1.317794
1.936999
1.363580
2.029101
1.746892
2.507216
1.522796
3.158043
2.201395
1.375980
1.921825
2.578870
1.596150
1.598378
1.519571
1.651776
1.448022
1.982263
1.601923
2.157689
2.269748
3.343887
1.459330
1.368628
2.435104
3.035351
2.004193
1.843269
2.700355
1.645733
4.031006
1.681523
3.855184
1.489668
2.557581
1.380080
3.061189
1.919138
2.525411
1.401763
2.577316
3.326268
3.874492
3.625928
1.432834
1.738980
2.308654
4.317128
4.200337
4.169914
2.807867
3.380840
3.633808
2.199117
3.435266
3.550957
2.203350
2.085688
1.664227
2.277874
2.930317
1.956245
1.623062
1.807956
2.335019
1.410217
2.127820
1.358658
3.021366
2.962896
1.766177
1.439173
1.337780
3.279176
1.439815
2.899362
2.287058
1.799738
1.633610
1.981134
1.606809
1.708482
1.556953
4.104931
3.507791
3.384802
2.568784
2.240574
1.393991
3.913883
1.353186
3.489928
1.775273
1.442914
1.462776
1.324111
2.365265
2.419795
1.602860
4.189788
1.427009
4.223261
3.818424
4.102624
3.525212
3.149639
1.630075
1.414820
1.583504
2.479059
4.036131
1.399524
4.216198
2.518192
2.351495
1.320668
1.317833
2.287399
2.331182
3.816784
4.383473
2.728497
2.885940
3.484329
3.403212
2.197816
1.394712
2.240907
1.397417
2.967767
1.384392
2.467890
1.808927
2.691037
1.628119
2.249245
2.923752
3.525726
2.009082
1.367758
2.815036
1.607376
1.388225
2.190679
1.645933
3.168809
2.533796
1.430339
2.439497
3.795516
2.905877
2.205634
1.342167
2.517055
3.612824
3.732715
1.646134
4.277100
4.163499
1.395333
2.975753
3.328222
2.128132
3.942924
2.510995
1.486400
3.725185
3.626453
1.670016
1.413426
1.758321
4.184521
2.104003
3.271462
1.614023
4.303943
2.400266
1.916188
4.185106
4.480855
2.489532
2.858410
3.730024
1.911644
2.186156
2.638562
1.889964
2.525791
2.412904
3.039870
1.394815
1.634596
1.562351
1.435605
1.958741
1.484923
2.306587
2.801556
2.036130
2.446838
2.846016
3.089971
1.589150
2.456416
3.759704
1.608321
2.082959
2.458263
1.674598
1.513826
3.995261
1.670224
1.648949
4.175752
2.480179
3.528294
1.320105
2.466405
1.817712
1.363329
1.586229
2.473096
4.008283
1.816487
2.458633
1.348944
3.977194
1.346788
1.662993
2.534178
1.336670
1.327781
2.151988
1.488774
1.340905
1.574159
1.582960
1.472614
1.347859
1.336731
2.823916
1.767106
3.035802
1.644130
1.355029
2.950090
2.699138
2.548731
1.491163
1.526043
1.926408
1.863553
2.427437
3.140323
1.389423
3.226923
2.377344
2.541061
1.418459
1.717427
3.580486
3.176318
2.989997
3.433255
1.535585
1.527184
2.407479
2.472723
3.481278
1.349016
1.338468
1.782095
1.564450
2.330136
1.378015
1.359788
2.437666
3.690938
2.268396
1.322926
1.678367
2.306931
1.563051
1.678577
3.132888
2.358192
2.343416
2.464552
3.619109
3.368486
4.315928
4.310532
4.056110
2.126886
3.917226
4.495593
1.820657
2.733420
3.027224
1.394919
3.652247
2.544893
2.480553
4.023042
2.384124
3.399721
3.308239
4.020769
2.000466
3.583086
4.300352
4.195646
2.573822
3.646971
3.049833
1.724478
2.402428
1.369328
1.749166
1.577555
1.944114
3.147308
3.703199
3.709088
2.526172
4.220317
1.749850
3.950770
1.390831
1.632823
2.942606
2.098486
2.977530
1.694272
4.304542
2.057720
1.574872
1.635978
3.817331
2.994014
2.476448
2.229294
1.360520
4.402828
3.016867
1.726472
1.372526
1.373338
2.843031
3.224543
2.385554
2.772695
2.709297
2.721946
2.181647
1.393477
2.334321
1.518288
1.722489
3.179607
3.017767
3.565438
3.780845
1.718305
1.429101
3.225019
1.704367
2.131564
1.385464
1.360765
3.166466
2.468261
1.508001
1.848557
2.022978
4.237412
1.623838
1.642332
2.504197
1.455786
1.944388
2.035249
2.209556
3.469095
2.924189
1.382364
1.824104
1.892324
1.480676
1.413542
2.900664
1.412963
1.344755
1.873321
1.437511
2.194244
3.665462
3.730562
1.781151
1.379420
1.455379
1.382269
2.305554
1.956522
1.354488
2.148830
1.426397
3.644863
2.580815
1.367411
1.869455
3.501658
1.712615
1.890226
1.630271
1.595224
2.916329
2.581204
2.038186
2.222362
4.056682
2.518572
2.472351
3.679776
1.919943
1.323066
1.765018
1.549561
3.154305
1.683846
1.405989
1.768036
1.397102
1.822872
1.352201
2.016013
1.323113
2.361726
1.438405
2.241239
1.588601
3.424720
2.069987
2.607016
2.242238
1.575051
2.615653
3.163656
2.756093
2.846442
2.004480
3.410203
1.494021
1.322973
1.644331
3.778675
2.494410
2.717859
2.676515
1.875646
2.115095
1.553329
1.624614
1.370297
2.443532
1.637561
1.445654
1.400161
1.353262
1.375521
1.545311
1.425178
3.977758
1.480821
2.180682
1.362164
1.959296
2.251252
4.299155
1.685540
3.652775
1.593746
1.374426
2.288422
2.025890
1.455921
2.314867
2.533032
3.658057
2.191003
1.633807
1.367239
1.885259
1.628315
4.264039
2.829002
3.676591
3.209820
3.279659
1.391236
4.305140
3.468082
1.393888
2.420159
2.670487
4.280072
1.672720
2.413266
2.121911
1.533100
1.348653
1.419170
1.479948
3.036254
2.756507
2.213815
2.682960
1.570785
1.371898
3.378861
1.359545
1.542945
1.499187
1.364084
1.328678
2.098792
1.321063
1.353796
1.453624
1.581694
1.536249
2.061897
3.128249
1.569901
2.076610
1.356199
2.503442
2.346573
1.324401
3.939005
1.516689
1.439301
2.173303
1.336122
1.365353
1.383713
1.420002
1.677528
1.575229
3.244582
1.559036
1.384100
2.340263
1.333395
1.658076
3.982834
2.796516
2.732599
4.361084
4.170498
4.510365
4.262260
1.516210
2.744940
1.352277
3.395237
2.636183
2.779779
1.562526
1.386052
1.576123
1.418578
1.712833
1.423481
1.623256
1.862274
1.412386
1.764554
2.168508
1.519089
1.369944
2.112623
2.438032
3.591414
1.354565
3.156174
2.351847
1.510825
3.776506
1.415987
3.324315
1.504576
1.364168
1.373247
1.841011
1.971570
3.178197
2.539529
3.757539
1.429224
1.388923
1.456057
2.833671
3.332133
1.850073
3.906092
1.381408
1.452817
1.623450
1.667323
3.834851
3.924475
2.648100
3.655415
2.696300
1.494927
3.532920
2.212503
1.320711
1.492063
4.082478
4.006016
3.933412
1.810873
1.729582
1.379514
3.282073
2.139390
4.490676
2.443899
1.897850
1.329430
1.318679
1.361503
1.325882
3.364540
3.530863
1.690857
2.305898
1.376717
1.563926
1.654614
1.904196
2.362079
2.006204
1.768269
3.995826
2.237914
2.441697
2.754851
1.596892
1.845532
3.703734
2.058912
1.858446
3.554573
1.423602
4.083053
1.544465
1.343587
3.285455
2.562210
2.495913
1.506908
4.207381
3.720350
1.833269
1.949338
3.737023
2.851566
1.325482
3.104220
1.669186
1.697051
2.808289
3.007438
4.111858
2.880760
4.392538
4.352630
2.816726
1.730249
1.319300
2.447206
2.460481
1.659916
1.934818
3.871729
3.112519
1.469780
1.335578
2.107999
1.965977
1.785406
1.582417
1.552127
1.688088
2.012543
3.305809
1.839008
1.365438
3.115752
3.505234
3.711231
1.934001
1.814042
3.680306
1.680891
1.881352
3.072126
3.255120
2.149145
1.422637
1.713051
1.387036
1.325184
2.287740
2.489907
3.387279
3.215512
4.008850
2.895893
3.831561
3.502680
1.534756
3.395735
3.505745
1.710002
3.797693
2.584318
2.645712
1.383230
1.422998
1.771531
1.319509
1.711961
1.423965
1.323160
4.105508
2.174264
1.611545
1.554018
1.525230
1.973534
2.290812
1.352579
3.201770
1.507689
1.948512
1.548708
2.011388
2.612116
3.292228
3.900535
2.102775
1.541767
4.347201
1.650159
4.079606
1.547178
1.324449
2.708483
1.424935
2.952736
1.455515
1.459467
2.999377
2.442064
2.201721
3.892209
1.410898
1.993896
1.499952
2.272453
4.015090
1.465700
2.154519
2.938212
2.352903
1.866372
3.538066
1.340773
1.637759
3.238846
1.946586
3.692535
3.204136
2.214799
3.156641
2.436202
3.100997
3.526239
2.226650
3.159913
2.864841
3.509837
3.230734
2.288081
1.985658
1.746438
2.702385
2.659670
1.519250
2.023269
3.941244
1.930468
2.806604
1.933185
3.108367
2.462330
2.819261
1.428484
1.481989
2.651286
1.340839
1.333861
2.912841
1.573447
3.908317
4.044685
3.683494
1.753503
1.770364
1.321107
3.681369
1.605678
1.562701
4.294372
3.490437
2.294230
3.181959
2.068785
3.133353
1.318233
3.002510
2.332925
2.591734
2.896326
3.280141
1.773166
1.527348
1.422757
2.062196
3.487891
2.371296
4.409496
2.839624
1.588053
1.680259
2.395231
1.564101
3.606547
2.761478
2.088725
2.109539
2.055636
1.384489
3.061644
1.399630
2.044374
1.414238
1.741685
2.296970
1.976344
2.863982
2.608976
2.661670
2.274823
3.951330
3.561296
1.508158
2.217755
2.058018
3.577888
4.049252
3.632231
4.028729
2.135315
4.384077
2.267046
1.383326
2.221044
1.697266
2.705229
3.586207
1.756253
2.482420
1.740332
3.996957
2.883781
1.435731
1.544634
3.285938
1.346859
2.108307
4.390120
3.275317
2.466776
4.185691
1.643131
1.441361
2.927252
1.945761
1.971851
1.364844
1.634793
1.748029
2.745352
2.210538
2.044669
2.493284
4.250415
1.368977
1.809170
2.911970
3.452905
4.284831
3.503190
4.256927
3.436775
1.739205
4.040692
3.423718
3.711767
2.910663
2.068185
3.347813
2.116951
3.187608
1.577017
2.476821
1.393580
1.790396
1.521342
3.265205
2.815459
1.347144
1.451612
4.071572
3.122690
3.835399
2.482794
2.308998
3.590372
3.288356
3.761869
2.655275
2.037305
3.184312
1.799979
2.607408
4.201511
1.409650
2.745765
1.701131
1.824351
3.513932
1.789443
1.604737
2.246239
4.041262
2.596045
3.885558
3.210294
4.190374
1.364252
2.272791
3.213614
1.405224
2.229625
3.712303
2.483168
3.867312
2.597221
4.460646
2.836221
4.542488
3.143116
1.465840
1.570962
1.453759
2.425615
1.472757
4.485764
4.285426
2.264686
3.123152
4.421636
4.441111
3.332622
1.640738
3.522133
3.448362
3.188080
4.452702
3.760245
4.231512
1.492364
2.652881
2.200093
3.684025
1.918333
1.805532
2.965109
2.730547
2.726858
3.600801
4.444769
1.611735
2.847722
3.781388
4.099742
3.243147
2.062495
2.245238
2.279572
1.374517
1.607565
1.498270
1.335339
2.794838
2.477194
3.586727
2.968210
1.383037
2.000752
1.469073
1.510510
2.242571
1.578452
2.164682
2.424523
3.512907
1.368715
1.333628
1.437638
1.328732
2.564528
3.460993
3.714447
1.365779
3.700527
2.039363
1.707181
1.598006
2.029393
1.563227
1.461532
1.651978
1.885520
1.492514
1.327572
3.539611
1.534922
1.470628
1.465001
1.884216
1.672095
1.590433
1.444346
1.852857
2.829426
1.736509
2.273130
1.413079
3.467068
2.009370
3.437278
1.485513
3.744572
1.664433
1.829792
1.841262
1.812091
3.536007
2.957149
2.750718
2.999824
2.040835
1.362995
3.046207
1.803355
1.768967
1.422036
1.943017
2.535706
1.370651
2.864412
2.083262
2.280931
3.191379
1.526858
3.686683
3.835948
1.450410
2.275162
4.376210
1.384586
4.265225
2.093903
1.713925
3.461499
1.406647
2.493659
1.745078
1.448155
4.514063
3.872282
1.803114
1.377550
1.571139
3.636438
4.121686
3.865656
1.525392
2.094208
1.447231
4.188032
4.329139
1.729804
3.462005
2.066086
1.513509
1.549732
2.681750
1.486547
2.638959
3.250326
3.103299
2.344818
2.860124
3.799872
3.083555
4.178674
1.402946
1.360601
3.734869
1.352352
1.405333
3.684556
3.836496
3.430240
3.623829
2.407840
2.871284
3.876703
4.147783
4.403434
3.935089
2.691441
4.136750
4.239774
3.495534
4.085352
1.406099
3.277729
4.252190
2.994460
3.040322
2.070287
4.452092
3.752673
3.536522
3.233595
3.070757
4.268191
2.596437
4.438064
2.888533
2.498546
4.506053
4.507285
4.540630
3.930618
4.520232
4.535061
1.755106
1.331461
3.503701
4.282451
2.104924
1.666289
3.292712
2.154836
2.822646
2.027349
1.349235
3.545280
1.612116
1.798295
3.559744
3.333111
3.265686
3.522646
4.516530
3.214089
1.319636
3.417205
3.747811
2.639355
2.431815
3.288840
2.238246
2.604274
3.231211
2.258965
2.774777
1.904461
2.427801
2.867417
3.032640
3.290292
3.289808
3.120838
3.355676
4.192716
3.833206
3.237413
3.870072
3.748351
1.489817
4.011686
3.275799
3.748891
4.483309
3.442817
2.118809
3.309212
4.130951
3.843084
3.223116
2.259301
1.497051
4.365316
4.506669
2.100629
2.933385
1.401014
1.749394
1.355418
1.644531
2.470119
1.419289
2.282971
2.556039
3.417706
1.685752
2.221373
3.207924
3.322851
1.406208
2.370586
1.371363
1.369416
3.859591
2.254937
3.138928
2.323529
1.594484
2.066386
1.379702
1.349089
4.273535
3.492985
2.062794
1.449745
3.545796
4.347804
2.691846
2.634598
3.212191
2.583150
2.275501
2.579259
3.068932
1.577734
4.134430
1.326796
1.976625
1.660940
2.758577
1.430463
3.555090
2.279911
2.718268
1.721166
1.950993
2.769783
3.966496
3.898868
4.060687
3.542187
2.137821
2.991335
3.391255
1.647942
1.517648
1.330739
3.709623
3.607070
3.245060
1.398784
1.979159
1.634004
1.321419
1.565501
1.793261
2.064888
1.808199
3.058460
1.777855
4.190959
2.622347
3.166935
1.950441
3.353217
3.282556
1.535087
1.830040
1.389023
2.758991
3.428232
1.618045
2.533414
3.043037
2.843458
1.717647
1.507064
1.392455
3.191851
1.387630
1.701993
1.695767
1.699841
2.342014
3.217887
4.411922
3.360105
1.993327
4.211494
1.882653
2.725220
3.362568
4.370155
1.707398
3.036706
2.485412
1.614978
1.740557
2.475330
3.549408
4.069852
1.935636
4.368340
4.036701
3.221689
1.451077
3.345850
3.357644
4.517147
2.539912
4.084777
3.908874
3.877809
2.838348
4.348407
4.353233
3.925034
1.963468
1.700055
2.815881
1.638155
1.855648
1.334743
2.285013
2.281271
2.396669
1.821641
3.890545
1.344548
2.033783
1.940552
1.926678
1.321285
3.397727
2.640546
2.042898
2.633806
1.356828
1.636769
2.649693
4.009417
3.570103
2.297312
1.453893
2.642135
1.470769
1.426031
4.131531
1.341500
1.374881
2.727267
2.311068
1.693206
1.592639
4.124580
2.290470
2.342364
1.360194
2.527314
1.982546
2.906312
1.984808
1.821887
2.656872
2.930755
3.974377
3.085387
4.092254
1.380837
1.663404
1.878496
3.888328
3.621206
4.252782
1.656241
3.948527
1.376072
3.406206
1.549049
1.791350
1.796374
1.580792
2.056231
1.502566
1.375613
3.195627
2.552190
3.943484
1.336426
2.075705
2.679333
1.321914
2.271438
1.983677
1.546329
3.372435
1.945487
2.267384
4.181596
1.352882
2.631035
4.106085
2.362433
2.189708
2.725629
1.384197
1.975219
1.890488
1.502104
1.435858
1.671471
1.333049
1.322187
1.578991
3.352726
4.249232
1.369768
1.332249
2.100936
1.427132
1.446441
1.321959
3.398226
1.684904
1.407528
1.407970
1.503647
1.826820
2.324571
1.460154
2.715002
2.191326
3.348304
2.945245
2.908487
1.964861
3.121301
1.329810
1.325234
1.854125
2.084171
1.899433
1.863809
1.478064
1.361586
3.104680
1.619970
3.393245
1.530132
1.606998
1.359141
2.884212
1.779737
1.800220
3.266167
1.535751
1.469921
2.077817
2.177791
1.331854
3.457452
3.490947
3.793340
3.308726
3.746191
2.190031
1.370386
1.767339
2.249580
1.656852
1.575408
1.433964
1.698123
2.557966
1.416691
3.033092
2.738763
1.693419
2.435470
1.654817
3.415203
1.716989
1.319342
2.266034
2.356780
1.709133
2.382338
3.629078
1.357938
2.496289
2.218083
1.862530
2.095124
2.793161
3.484838
1.940825
2.459002
1.625780
1.353338
2.860552
2.061001
2.904138
3.063920
1.454028
1.669394
1.812822
3.128713
2.428166
3.413702
1.759933
1.438533
3.455431
2.231942
1.385562
1.326848
1.483306
1.968491
2.340613
1.857428
1.514461
3.458969
2.150408
3.915554
3.798238
2.291153
2.350439
2.076912
2.014566
2.947006
1.805774
4.294969
2.052367
1.320755
2.584708
1.994466
1.881612
1.325532
1.844274
2.415441
1.331182
4.483923
1.750078
4.317728
1.776915
2.331530
1.346434
3.182429
1.876941
1.453355
3.674469
3.771083
3.301439
2.467147
1.355573
4.003750
3.728411
1.509097
1.860741
1.785643
2.043193
2.041129
1.346505
2.411456
2.197166
1.389223
1.469214
1.960129
1.345451
2.027932
1.825585
1.329865
1.319091
3.508302
1.773400
1.694486
2.882054
4.092830
3.793884
3.435769
2.026182
1.832026
1.350558
2.007354
3.031285
3.616489
3.424219
1.602110
1.321733
2.069086
2.934262
1.393170
3.754835
4.094557
3.641702
1.783513
1.698981
1.798535
4.017361
1.825832
3.882789
2.950531
3.080808
4.397984
2.134064
2.629058
3.119451
1.730695
3.903869
1.530790
3.846931
4.041832
2.874727
2.943046
1.363748
2.162772
3.921128
2.491032
2.093293
1.994181
2.196516
4.122265
2.330833
1.430836
2.024725
2.203676
1.914850
2.660870
1.434720
4.532587
4.154763
3.365033
3.125931
4.412529
4.308135
1.798776
3.040774
2.878604
2.221703
1.833767
4.186276
1.491313
1.889179
2.973532
3.043489
1.385073
1.643331
2.447573
3.361583
1.357700
1.493267
1.605867
1.320234
4.179258
1.600615
1.927759
3.488400
4.329741
2.363495
2.501558
2.316251
2.209883
1.386150
1.416105
3.506257
4.539392
1.355651
1.920212
3.457958
1.721386
1.792305
2.637769
2.245572
2.048217
1.732256
4.467987
4.161751
2.076006
2.730957
2.686995
2.622742
2.536088
3.914440
1.380174
2.513266
4.145459
1.390932
1.477775
3.773796
3.919455
4.291384
4.470436
1.450544
3.365526
4.496208
2.140645
2.959801
2.133126
3.697862
2.959359
3.926150
4.171081
3.935648
4.541249
4.415563
2.259637
4.441720
2.627873
4.167581
4.543107
2.571108
4.534442
4.543726
4.419206
4.541869
4.381058
4.528878
4.089377
4.535680
3.921686
2.145047
4.540011
2.693060
4.422244
2.602316
4.286021
3.790621
4.373787
2.873435
4.196232
4.484536
4.525171
2.263001
4.378028
3.123616
3.839789
4.127475
1.667530
1.748256
4.525789
4.522701
4.376816
1.752817
1.646335
4.328538
2.886372
2.610546
2.851993
4.316528
2.945686
2.054149
2.392718
3.286422
2.229956
2.142845
4.477789
3.904424
2.259973
3.346340
2.143159
3.766745
3.356168
4.410102
3.619633
3.170216
2.073596
2.233267
1.449081
2.089029
2.060106
2.120979
3.843633
2.107076
4.135010
1.837258
3.794428
1.330300
2.791485
4.057254
1.775508
1.801666
2.798615
1.951269
3.791165
2.973976
2.220386
3.234072
1.489370
2.884644
4.333951
2.130003
1.603798
1.328360
2.997141
2.897193
4.295567
2.741232
4.132111
3.315539
2.294573
1.403053
2.768120
1.404570
2.574210
1.395955
3.844183
4.148364
3.430742
1.530955
2.609369
3.161784
3.877256
4.064122
3.901090
3.363061
4.191545
2.299370
2.574598
4.288998
3.437782
2.483916
2.870425
2.524270
2.514402
1.527511
1.403919
1.728692
1.742362
1.398467
1.441878
3.059824
3.231688
3.301924
2.843884
3.497064
3.513419
2.119739
3.614395
4.119372
1.406977
1.379608
1.682367
4.514680
4.083627
3.827726
3.289324
2.690228
3.899424
3.116214
4.080754
4.287212
4.197991
4.340572
4.465539
4.504206
2.599577
2.143474
2.299713
4.512214
3.814599
1.634990
3.989044
1.706532
3.851881
1.436620
4.281261
3.983398
2.141588
1.338847
4.076161
3.964809
1.468085
2.974420
1.363832
2.186478
1.328466
1.359869
4.227385
2.787299
3.101458
3.154772
2.101242
3.180077
1.529640
1.704583
1.562876
1.772231
1.349747
1.402515
1.474326
1.325582
2.433276
1.334036
3.642228
1.841512
1.474040
2.564915
2.385911
2.338863
1.961519
2.223350
1.828800
1.458646
2.381267
1.814287
1.366121
2.634994
1.372347
3.687214
1.432208
3.828274
1.323207
2.286035
1.620163
1.550928
1.835760
1.334388
3.558709
1.465141
2.849430
2.005054
1.656445
1.337532
1.428361
1.318516
1.361916
2.218412
2.893293
2.247575
1.587140
1.812334
1.443564
2.852420
1.767571
1.615169
4.017929
1.576301
2.126263
2.247909
3.578408
1.317636
1.325832
1.475472
2.176828
1.334802
1.455244
1.469355
1.347501
1.330905
1.774336
1.364929
1.582056
4.034422
1.322371
1.509254
1.760164
1.325333
3.974940
1.460291
1.560603
1.914047
1.498423
2.265023
1.362413
1.902342
1.538415
1.708916
2.778945
2.192622
2.243571
3.939565
1.665670
3.030834
2.096040
3.702129
4.238003
3.540126
2.292862
2.657272
3.687746
2.517434
3.803141
1.843520
1.554190
1.804322
2.117260
3.638543
1.928029
4.257519
3.337026
3.765661
3.672348
4.368945
2.991781
3.982269
3.136604
4.031575
1.398573
3.716593
2.833246
2.796936
2.211520
2.005342
1.906585
1.728025
3.319924
1.428115
1.320277
4.298557
2.951853
3.028577
3.783016
2.092378
2.071189
3.660171
3.014171
3.644336
1.882132
4.430149
3.788990
1.355107
2.897627
2.468633
2.248243
3.270980
4.146040
3.896648
1.496291
3.110212
1.538582
2.072392
2.349384
3.946285
3.007887
3.169278
1.715018
1.724700
1.594669
3.949087
2.640943
1.768501
2.488033
3.626978
2.941287
1.494171
2.861838
3.707481
1.644731
1.360683
4.196819
4.367735
2.702791
1.439944
3.785188
3.274353
3.662816
1.770597
2.178112
1.868169
1.621128
1.378950
3.211242
1.906851
4.382869
3.672878
1.846288
2.848149
2.125018
2.927689
2.592125
2.605057
4.223850
2.382695
2.562597
4.179843
2.558352
1.441490
3.806412
4.303344
1.441103
3.306295
4.292579
1.598192
1.458235
3.956942
2.814192
2.908922
2.987767
1.540927
2.846869
1.982829
1.733820
2.222032
3.749431
2.963339
3.114366
2.928565
3.284972
4.445379
3.264244
2.594084
2.882486
3.862898
2.191974
1.378109
3.415703
1.395644
3.642755
4.107817
1.775742
1.804564
1.496747
1.347931
2.739174
3.167403
1.323538
1.343382
2.233930
1.379044
1.597077
1.320537
2.716227
1.533265
1.380269
1.398889
3.197043
3.253201
1.365013
4.068132
1.404244
3.333600
1.333686
1.609646
1.327105
1.546499
2.826882
2.393077
1.372436
2.122221
1.445785
2.556424
1.853110
3.745112
1.972412
1.323919
3.151971
1.460842
2.616047
3.702664
3.056188
1.740782
1.760394
1.626949
1.467804
1.937272
3.565956
2.805762
1.787304
1.652991
2.097568
4.220906
4.108394
4.242137
1.627144
3.539096
2.041424
2.803238
1.369065
2.044964
1.943291
2.099098
4.053823
2.631431
1.374608
1.553846
1.734940
4.265818
4.494363
4.410709
1.855902
2.762722
1.783749
1.347572
4.334552
3.090430
1.613641
1.425543
4.481468
3.178667
3.362076
2.093598
1.848809
1.599682
1.391641
2.242904
2.918074
1.730472
1.926948
2.577705
1.354257
2.716635
3.949648
1.598750
1.625975
1.843772
3.227399
1.388424
1.944663
1.689791
1.624808
3.433758
1.813554
2.969983
2.439864
2.572271
1.330137
1.655224
1.698337
1.410330
2.311413
1.387135
1.357303
1.375247
1.493417
1.785880
1.537081
1.762472
1.415636
2.563756
3.176787
1.941921
1.590617
1.335279
4.144297
3.617013
3.685088
2.753197
3.320412
1.720505
1.612687
3.204609
1.678787
1.725364
2.454940
1.418696
2.383052
1.371988
3.796605
3.014620
1.477054
1.564275
1.944937
4.400406
1.809900
4.049823
3.214563
3.011476
1.708699
2.614081
1.479368
1.652180
3.698395
3.528808
2.981087
1.323254
3.946845
2.737940
1.735164
1.330960
2.253596
3.198933
1.319552
2.384481
3.781930
2.703197
1.393683
2.722355
3.067109
1.724921
2.560666
1.811116
1.781387
1.335639
1.368279
1.584229
4.323731
4.312930
1.373067
4.398589
3.769456
1.380363
2.608584
3.817877
4.236232
3.119913
3.551473
2.252591
2.529219
3.118063
2.368456
4.068705
2.109847
3.400219
3.316026
3.894428
3.992434
2.381623
1.936727
2.950972
4.488834
4.150690
1.349821
1.411582
2.288763
2.496665
3.210768
2.130315
1.331685
2.494786
2.881191
2.393436
2.728907
2.563369
4.458812
1.332306
1.493568
2.696705
3.735407
1.348508
2.301429
2.004767
2.087206
1.794457
1.679628
2.163090
3.008335
1.597263
3.689342
3.529321
1.318273
4.018497
4.217963
1.319133
2.467518
1.470062
1.751218
2.362787
3.566474
1.877200
2.313830
1.542272
1.435985
3.881682
1.429843
3.406706
4.411315
3.360598
3.958627
2.297655
2.677722
3.660700
4.264632
1.330794
2.616440
2.756921
4.361688
2.569171
3.346831
3.278211
4.026454
4.242728
2.194568
4.108971
3.184782
4.430758
3.520081
2.258293
3.144512
1.659097
3.041227
2.629454
1.545820
3.609162
3.199406
4.045826
2.368811
1.406757
1.442007
1.448551
3.516493
3.165529
2.061300
3.928383
4.500513
4.204445
3.933971
1.705665
4.537536
4.073866
3.634334
4.406464
1.374973
1.516849
2.567623
3.627503
3.681900
2.014855
3.095021
3.840338
1.405880
3.912213
3.758080
4.232692
1.923980
4.491291
2.827305
3.235504
3.188551
2.878173
2.460851
1.589883
1.556434
1.517808
1.445130
1.329322
2.298341
1.449214
1.339546
1.319383
2.167551
1.661145
1.896532
2.962012
3.152438
1.531614
1.409763
1.420837
1.608510
2.684977
1.446573
1.939731
1.551442
1.390025
2.040246
1.593930
1.454973
3.382325
1.472899
1.335819
2.418343
2.319367
1.323020
2.172023
1.505352
1.361999
1.796614
1.319216
1.893112
1.366464
1.508314
2.646110
2.024434
1.873579
1.337161
3.725722
3.019566
3.538581
2.395590
3.601323
1.603047
3.037158
2.295942
2.318674
1.491463
2.922441
1.330519
3.598192
2.395950
3.252243
1.370474
1.434090
4.019065
1.429472
1.370032
1.828553
1.981416
1.458782
1.444868
1.485661
2.091464
2.356075
1.346223
2.453834
2.293204
2.003332
2.208575
1.572203
1.941373
2.657671
4.015658
2.096346
2.155153
1.935091
3.189022
2.130627
2.683766
1.872288
3.996392
1.854378
2.369876
1.674806
1.714143
2.856270
1.457689
2.406035
4.407070
4.448429
4.293176
3.256559
3.062099
2.860981
2.747415
3.180548
2.100017
1.331016
2.278893
3.003853
1.694699
1.500106
1.363413
2.985984
2.039657
1.514619
2.590951
1.774102
1.501488
1.596335
1.350262
2.903704
2.700761
2.188092
1.528492
1.342772
1.317873
2.674906
1.328999
2.078421
1.833518
2.992228
1.978314
2.236253
2.583539
2.743704
3.251763
2.631827
1.465560
2.335368
3.404709
1.367844
2.719902
1.523606
2.413629
1.352428
3.150105
2.348330
1.806986
1.816732
3.693067
3.502169
1.922902
1.368366
3.076693
3.796060
1.490565
1.530297
1.591351
1.915117
2.124085
1.329053
3.436272
3.350760
1.713270
2.954942
2.078119
1.759242
1.851843
2.153570
3.613348
2.711741
1.941099
2.112932
3.499616
2.971757
1.522149
2.534560
1.345521
3.963122
1.409877
3.106063
2.174584
3.174439
3.809139
3.347322
1.523768
1.664639
3.803686
2.634202
1.711308
3.181018
4.271159
2.848576
3.106523
3.041679
4.274129
3.400718
2.191650
3.229781
2.650091
3.001167
2.065188
3.951891
3.106984
1.800460
3.640648
1.524742
2.554884
2.562983
2.225000
2.890264
1.750534
3.543733
1.391033
2.571495
3.186195
2.002472
2.366683
2.352199
3.067565
2.071489
1.414587
4.297959
1.723815
2.241572
3.181488
3.185724
3.953574
1.932369
1.447362
1.743945
3.320900
1.865346
3.629604
2.604665
3.518543
3.314078
3.299498
3.866208
2.124396
2.030562
1.378576
1.329484
1.904727
2.179075
2.036423
1.472188
2.751131
2.579648
2.070588
1.917260
3.065742
1.667736
3.258959
3.255599
3.745651
2.066686
3.410702
3.557157
2.391283
2.676917
1.355496
3.978322
3.081266
1.728914
4.240365
2.257286
3.583606
2.228302
2.646508
4.216786
1.675434
3.888882
2.403870
3.857387
3.018216
3.021817
2.095429
4.280667
1.379797
2.511752
2.614474
2.827729
1.570077
4.039551
2.091160
2.902401
4.140812
2.149461
3.875045
3.085845
3.889437
4.404040
1.732480
2.399906
2.744116
3.609685
1.747120
2.369166
3.376883
1.568312
2.491407
2.367037
3.464536
1.446967
2.949209
1.614214
1.615743
1.420241
3.701060
2.589387
2.661270
2.181968
1.819674
3.299983
1.648345
2.619195
3.199878
4.193302
2.230287
2.811239
1.432333
2.911099
3.027675
1.445916
1.660120
2.680138
1.358739
1.444476
1.354642
3.777048
1.362828
3.691470
1.560080
2.867846
2.547195
1.438661
1.600801
1.813066
2.233599
2.894160
3.624878
1.600988
2.303491
3.398724
1.322233
1.875905
3.669698
2.227641
2.134377
2.432180
2.301772
1.349601
1.819183
2.736707
3.411202
2.317289
2.130939
1.365864
1.349527
1.574338
1.987358
1.362247
1.852097
2.113858
2.808710
1.338217
1.377365
3.981705
1.394609
2.668480
1.744172
1.408081
1.323348
2.983757
2.438398
3.079436
4.262853
3.639069
3.992999
1.526206
1.386740
2.481299
4.271753
1.431583
3.011925
3.783559
4.115903
1.903666
3.139393
1.448287
2.683363
1.851337
2.583929
3.794972
1.534259
1.902606
2.422703
3.564402
4.277694
2.480926
3.334089
2.307276
1.388524
3.860142
1.344135
1.367498
1.333453
1.818447
1.359222
2.454202
1.390428
1.435225
2.537617
4.431975
2.357133
2.311758
1.615361
1.494323
3.392748
1.376809
3.408204
1.601736
2.854558
1.632430
1.677108
1.722710
1.403161
2.043488
3.317975
2.046146
1.470911
2.216440
3.269536
2.270762
1.551613
1.504266
4.337561
2.430355
3.653303
3.914997
4.350216
3.446345
1.666496
1.726694
3.344378
4.065840
3.048472
4.393143
2.819684
2.490282
2.041719
1.423723
2.749066
2.211848
1.646736
1.657056
2.172343
1.559210
2.158006
2.340963
2.129379
2.909357
2.826034
3.658585
2.260309
1.798055
1.525555
2.849857
2.831123
3.267610
1.589333
3.100077
1.364675
4.202097
1.343860
1.587323
2.655674
1.957354
3.594541
2.115404
2.182290
2.414716
3.682431
1.596521
3.372929
2.679735
3.071669
1.377643
1.521019
1.689152
1.443044
2.291837
2.136881
2.456786
4.155927
3.508813
3.806957
1.463470
3.155239
4.396168
3.735946
3.148240
3.064375
4.228564
1.786117
3.432250
3.906648
3.734330
2.844310
3.670228
2.602707
3.534978
2.276179
4.272347
2.479432
3.588810
2.113241
2.720311
4.259889
3.563884
1.366808
2.790229
1.425300
2.214143
2.173624
3.136139
2.873866
3.832109
1.610785
3.975504
3.391752
2.324918
1.633020
3.481786
1.972131
1.999035
2.316597
2.367392
2.531125
1.743040
2.601141
1.643531
3.828821
2.939529
1.913246
3.611254
2.273468
1.327624
1.587505
1.599868
2.784790
1.552299
1.629292
1.332079
4.399800
2.104310
2.675308
1.655427
3.045301
1.731810
1.941647
2.906747
3.825536
3.459475
3.313104
2.654078
2.065487
1.354026
2.896760
1.351227
2.029685
1.323775
1.329106
2.433642
1.434846
2.578093
1.901019
1.346930
1.877718
2.450517
1.437893
2.232273
3.008784
2.799875
1.539586
1.357382
4.345392
1.543620
3.855734
2.723991
1.391337
3.202243
1.499646
2.648498
2.248577
4.258111
4.112436
2.336765
3.990738
4.202684
1.962354
3.112981
1.699196
3.179137
3.108828
2.865270
1.701347
3.824988
2.733830
1.974376
2.097874
1.415753
1.980569
2.393795
1.620356
1.400480
2.520849
3.074865
4.176336
2.339213
1.770131
1.371006
3.533434
2.315559
1.336792
1.653802
4.012253
2.823069
3.344868
1.515573
2.367747
3.090889
2.477567
3.478229
1.343179
1.782331
2.936017
3.529835
2.319020
2.081747
1.454163
2.335717
4.255742
3.105141
1.319933
1.421675
2.761893
1.422878
2.890696
1.697480
2.968653
3.607593
1.870999
1.433461
1.332819
1.361668
1.371630
3.650136
4.037271
1.760625
1.642532
1.364337
3.742953
1.871515
1.869712
2.759406
2.536470
3.342416
1.624032
1.962632
4.274723
2.582371
3.422715
3.129176
1.929112
1.376256
3.636964
3.017317
4.221494
2.038480
2.452359
1.811360
1.356277
1.867655
2.178433
1.353873
1.787541
1.739881
1.621708
2.915020
1.319806
1.318885
1.877459
1.523930
1.388325
3.012374
1.629097
1.985941
1.991050
1.537248
3.824441
3.680837
1.960407
2.283311
1.907382
1.366207
1.334095
1.323301
3.947406
1.795894
1.569018
3.861795
1.440845
2.664873
3.514444
1.935908
2.858838
1.518448
2.715410
2.177149
1.622482
1.469497
1.706748
2.722764
1.658484
1.470204
1.756483
1.720064
2.181003
3.054825
2.660070
3.777591
4.234461
3.340945
3.450885
3.390260
2.841327
4.052108
4.106662
2.447941
1.617469
1.655020
1.414354
2.094819
3.374905
1.688726
2.753611
1.566027
1.324938
1.619585
2.388417
1.346293
1.322786
1.586411
1.355886
1.345591
1.351975
4.103201
1.943565
2.588997
2.820953
1.734044
3.663874
1.374063
1.860997
1.320148
1.490714
1.408747
1.547857
1.653193
3.454420
1.621901
1.907117
1.412156
2.841753
1.509725
1.591535
3.475182
2.007930
1.932913
2.432545
3.551990
1.541935
1.696195
2.893727
2.771446
2.197491
1.320931
1.684057
1.859721
1.332363
1.538081
3.449371
1.551784
1.318926
2.901098
1.490265
3.696263
2.376632
1.898377
1.843018
3.197516
2.746177
1.693632
2.283652
1.816242
3.196099
1.895742
1.335940
3.479245
1.363664
1.459879
1.412271
1.894426
1.626170
1.653396
1.989061
1.512876
1.482866
2.015145
1.429348
1.746665
1.910310
1.437001
2.714187
2.147568
1.389123
1.417161
4.486378
1.598564
1.845784
1.620549
3.002957
1.367325
3.818971
3.710159
2.587436
3.945724
2.788973
3.986785
4.444159
4.032144
4.176921
1.419526
4.427107
2.063691
3.298528
3.779218
1.658280
2.491782
1.468790
1.411696
2.507594
1.356907
3.485346
2.544509
3.610208
2.817148
2.356428
1.328096
1.552470
2.338164
2.925501
3.581006
2.083565
3.131496
2.328395
2.775193
2.632222
2.021524
1.328838
2.334670
1.331741
1.397207
1.349308
1.356592
1.663198
2.718676
1.685964
1.339164
1.363916
1.631644
3.849130
2.947447
2.996247
1.464583
1.348003
4.009984
1.337408
3.624354
2.946566
3.251284
1.555742
3.009232
1.672928
2.239576
4.100318
1.353491
2.387343
2.853703
3.886112
3.331155
2.840050
1.326694
1.506285
3.689874
2.600359
3.605502
2.678125
2.195217
1.627339
1.673762
2.899796
1.333107
2.515917
1.329647
1.656648
1.757402
3.026773
3.060279
1.354103
2.035543
1.342503
2.506461
1.967932
3.326756
1.418104
1.592824
2.031733
1.322005
1.485808
2.992674
1.959574
1.465980
3.668109
1.651169
2.793580
2.997588
2.285354
1.947961
1.736284
3.096399
2.526553
3.084013
4.128634
1.733597
2.322835
1.662376
4.186861
2.486535
3.692003
1.522958
3.303866
3.655943
2.445368
2.966438
1.692353
4.388306
2.109231
4.356252
2.616833
2.256279
1.420121
4.048110
1.604925
1.888917
1.447494
2.346924
1.738081
2.741644
3.706410
4.341174
3.493495
3.234549
4.332747
1.402407
1.748484
1.404136
2.156737
1.715893
1.442525
3.103759
4.399195
2.620771
3.340455
3.293197
4.137330
3.813506
4.475950
2.612509
4.423460
4.207969
4.268785
1.847800
3.649608
1.970730
1.790634
2.103082
1.452281
1.387729
3.576849
2.094513
3.193738
2.133751
3.739718
2.425979
1.324352
1.547348
1.413658
1.758551
1.352958
1.345661
1.334153
4.096861
1.352051
1.963746
1.417279
1.961797
2.411094
2.027641
2.360665
1.327313
1.550073
1.815509
1.334447
1.511613
1.411926
1.532273
1.332136
1.333164
1.591719
1.443694
3.552506
1.756712
1.335398
1.381886
1.331966
1.333919
1.865602
1.345102
1.317675
1.451745
2.644917
1.398152
1.385659
1.411811
1.561826
1.433335
2.812926
1.745304
3.800416
2.920257
2.471607
1.324987
2.080234
1.959018
1.628510
1.435352
1.352654
1.369856
1.363078
1.551270
2.267721
1.813798
3.634860
1.595409
1.880313
2.163408
1.625003
1.670847
1.416808
3.475690
2.185833
3.396233
3.241713
3.038966
1.513985
2.122532
3.679245
3.312131
3.173031
1.406318
3.390757
2.549115
1.905523
3.482295
3.223592
1.334212
1.806016
1.322417
1.579891
2.013699
1.341301
2.175866
1.434216
2.152305
2.773111
1.645332
2.576151
1.351600
1.347644
1.503184
1.581875
1.452952
1.332877
2.077213
1.579171
1.498575
2.326308
2.783955
3.853532
3.374411
1.320450
1.420957
3.510348
3.791708
1.823118
1.473041
1.358258
1.613832
2.990443
2.977974
1.652383
2.770198
2.210866
1.609267
2.379483
3.385297
1.509411
2.018331
1.585501
1.365523
1.827810
1.558514
2.265360
1.781623
1.370740
1.318720
2.641340
2.171064
2.709704
1.318072
1.318314
1.356356
1.459605
1.492664
1.383810
1.409311
1.334921
2.892860
2.303834
1.766410
1.559906
1.326388
1.641933
1.346082
3.478737
3.009681
1.784696
2.310033
1.536416
1.345381
1.319678
1.457280
2.978419
2.166594
1.508471
1.580972
1.332534
1.334506
1.326899
1.621321
1.925328
1.362496
1.830288
2.978863
1.347215
4.183936
4.291981
1.485071
3.043942
4.251006
1.703287
2.226981
3.523672
4.034992
1.464026
3.688278
4.200924
1.853364
1.317913
1.405442
1.405115
3.847480
1.730918
1.396684
2.672897
3.052101
4.029298
3.587248
2.127197
2.312103
3.537036
2.121290
3.403711
1.683212
2.281951
3.088595
2.540678
4.198578
1.590800
4.006583
3.775422
3.724110
3.973250
4.381662
1.919406
2.111697
2.365620
1.415403
1.557127
2.355017
2.049401
2.465293
2.246573
2.976197
3.568029
2.074499
1.938638
3.632757
2.222691
1.355729
3.526753
4.214433
4.173416
3.071213
2.230949
4.090528
3.620158
3.663345
2.350791
3.506768
1.443174
2.420522
2.499675
3.006990
1.427255
3.034899
1.793978
1.528656
1.326286
1.983111
2.323876
2.639752
3.549924
2.315213
1.420360
3.381335
3.473660
2.449045
2.309343
1.432959
2.408202
1.369504
1.865090
2.012832
1.365098
1.638949
1.976906
1.516370
3.523159
3.126395
2.374852
2.960243
2.889831
1.430588
3.936208
1.571848
2.694274
3.448867
1.361257
1.500259
3.370954
1.838507
1.381218
2.629849
1.668358
1.618815
1.340123
1.890751
1.324742
1.484482
1.492213
2.300742
1.510982
1.351078
2.264012
2.208248
1.549902
2.161500
1.885781
1.874871
1.578632
1.483893
1.340576
1.507845
1.344825
2.145992
1.333744
1.954861
1.856919
1.824844
1.840510
1.546159
1.820903
1.482135
1.501642
1.531119
1.527674
1.500873
1.803597
1.324159
1.331910
1.497965
1.458372
1.339930
1.496443
1.489967
1.487733
1.331517
1.810386
1.801907
1.456464
1.411126
1.780680
1.763860
1.755565
1.481259
1.451211
1.321688
1.407639
