2.813984
3.347393
2.981398
3.279497
2.983141
2.547530
3.407180
3.372157
3.308615
3.009547
3.209900
2.988346
3.240936
3.268008
3.362758
1.785920
2.721918
2.910983
3.377106
3.491553
2.820339
2.717519
3.239107
2.986866
3.088715
1.537559
1.785252
2.776585
2.998704
2.818692
1.680203
1.723692
3.090816
3.283007
2.959355
1.545737
2.401897
2.900788
2.404739
3.388544
2.411406
2.356910
1.881617
2.374294
2.463623
1.575124
2.368025
3.223662
3.322619
2.869751
2.902137
3.387107
2.391285
2.575496
3.359831
2.375176
2.995632
3.093629
3.206264
2.378462
3.448669
2.382928
2.303601
2.906985
2.212332
3.417684
3.377704
3.377770
3.381889
3.008238
2.997023
3.414508
3.087551
3.124658
2.375950
2.394380
2.393127
3.001198
3.261256
2.980857
3.326541
3.379120
3.225028
3.362599
3.224477
3.322369
1.768569
2.354834
1.627095
2.296351
3.402087
3.063570
2.977089
3.268275
3.431119
3.352392
2.375384
2.132865
2.685796
3.007416
3.312639
3.334955
2.179780
1.789924
2.692141
2.626741
3.456650
3.513668
2.894715
1.543948
2.369293
3.410106
2.553045
1.739206
3.110133
2.322793
2.407479
2.811395
3.333126
1.550847
1.779246
3.512040
2.379522
2.996450
2.384669
2.315969
2.410492
3.384890
3.427211
3.432994
1.349988
1.495134
1.497929
2.376159
3.367653
2.989411
3.398630
3.373173
3.326975
3.369154
3.406641
2.958955
3.317479
2.982033
3.087066
2.571591
3.230038
2.934169
3.244517
2.993055
2.385199
1.868666
2.989690
3.221472
2.859630
3.216323
2.782478
3.145001
3.385463
3.640596
3.544531
2.885944
3.319617
3.384627
3.393071
3.392433
3.381543
3.585545
3.378902
3.341540
3.618426
3.436019
2.980677
3.236732
3.630183
3.382196
3.518984
2.987051
3.353735
3.421837
3.222012
3.431574
3.010642
3.386334
3.629847
3.377868
2.342083
3.381815
3.379528
3.437490
3.177598
3.273056
3.222439
3.270569
3.326543
2.410036
3.403760
3.379610
3.428221
3.365902
3.104921
3.384619
2.979368
2.219582
3.562244
2.990802
3.224487
3.540736
3.067096
3.385490
3.522797
3.392889
3.413043
3.384102
3.426914
3.291582
2.688236
1.853988
2.391948
2.999479
2.214891
1.709403
2.402855
3.504563
2.328338
3.239441
2.989750
3.633206
2.650656
3.343808
3.634213
3.219224
3.298920
3.387778
2.922976
3.378984
3.482946
3.567557
3.545544
2.381641
2.990592
3.424840
3.341906
3.098472
3.345636
2.940566
3.355076
3.409134
3.443079
3.565533
3.409248
3.374465
3.251148
3.219452
3.379211
2.384594
2.400644
3.085127
3.276422
3.280792
3.391978
3.581045
3.428676
3.391778
3.242400
3.339060
3.393950
3.385871
3.623128
3.217745
3.379925
3.383748
3.416091
3.219054
3.382087
3.636229
3.414543
3.376888
2.913381
3.221016
3.172649
3.100433
2.480267
2.638455
2.658953
2.991373
3.274227
3.387287
2.308719
2.239201
2.999665
2.258393
3.395257
3.228370
3.400340
3.009350
2.986445
3.128127
3.378630
2.373965
2.386713
3.605984
2.952559
3.162751
3.385708
2.402782
3.379801
3.385517
3.088175
3.405457
2.982002
3.014520
3.423273
3.277519
3.416897
3.085047
3.529856
3.640260
3.516210
3.494899
3.381570
3.565280
1.809092
3.428449
1.556980
2.497606
2.669690
3.217631
2.109553
3.230862
2.745160
3.375778
3.172237
2.349200
3.327838
3.516672
3.109033
2.933770
3.219025
2.982660
2.342972
2.987828
3.263984
3.144268
3.400423
2.368913
3.329133
2.390179
3.502837
3.513552
3.373055
3.397260
3.179660
3.431403
3.574091
3.219992
3.432783
3.543266
3.428165
3.377187
3.087759
3.381597
3.427369
3.363760
2.932170
3.547568
3.342272
3.383761
3.555665
2.090558
2.376039
2.298057
1.857442
1.872119
3.093863
3.004800
3.082482
3.308981
2.862329
1.337011
2.198684
3.221557
3.039529
3.023180
3.527325
3.567304
3.642275
3.431900
3.510027
3.378856
3.222097
2.994317
3.446610
2.378765
2.993012
3.381379
3.585136
2.462929
3.034720
3.088893
2.380052
1.549059
1.766567
1.520747
2.395191
2.412867
2.503154
1.516322
2.407844
2.985400
2.198257
1.581321
1.586283
3.107485
2.752689
1.447571
1.756557
3.429244
3.086443
1.536793
2.996123
1.651418
1.673635
1.410830
1.814272
1.268017
2.185761
2.836386
2.991733
3.354643
3.378657
2.981557
2.136318
1.476973
3.248253
2.982617
2.027531
3.385362
1.488708
1.668586
2.752361
1.637468
3.252590
3.220975
3.088949
3.408157
3.226640
2.954957
1.608138
1.604203
1.561325
1.591684
1.460516
3.045298
2.390621
1.603488
2.216597
3.220675
3.595772
3.407483
3.415999
3.427710
3.219651
3.219594
3.523837
3.547315
3.378855
3.342384
3.382605
3.621449
3.219196
3.564015
3.428846
3.639924
3.252621
2.108690
3.376997
2.915780
2.683356
3.252302
2.810218
2.484429
2.369851
3.383775
2.019760
3.084905
2.998169
2.829442
3.185358
1.584532
1.853125
2.714591
1.363105
1.496811
2.729447
3.428076
3.515517
3.369336
3.533398
3.217267
2.766765
2.698973
1.742542
1.659644
1.503237
2.407388
1.527108
2.069837
2.376040
1.559536
3.188085
2.205934
2.563294
1.516863
2.367795
1.530915
1.922196
1.560302
2.430333
2.987046
3.377024
2.381263
1.571035
2.050842
3.432824
2.373855
3.281544
3.096586
2.706782
3.254893
3.424746
3.282488
3.326111
3.353612
2.796226
3.639588
2.734684
3.517944
3.383639
3.608171
3.407189
3.631190
3.604672
3.389832
2.368893
3.288494
3.402294
1.705675
2.977001
1.485635
2.375771
1.570780
2.996100
3.381595
2.264364
2.829111
2.855581
3.493465
2.397475
3.054274
2.388076
3.379828
3.217887
3.383993
3.342081
3.182177
3.383666
3.086997
3.091778
2.989450
3.142804
3.147930
3.323953
1.416132
1.463392
1.561069
1.507708
1.755889
3.203537
2.321087
1.618868
1.862622
3.187631
1.560813
2.192829
2.410401
2.227685
1.558258
1.515774
3.005554
1.467707
2.315543
3.352515
2.369762
2.974146
3.034400
2.858955
3.132464
2.375964
3.199902
2.900113
3.009957
2.383155
3.583500
3.295035
2.301042
2.994377
2.983982
3.336039
3.378947
3.380372
3.426899
2.977352
3.407424
2.550117
2.375207
1.586137
3.432085
3.323248
3.429528
3.008618
2.398654
1.589932
2.227259
2.942964
1.637110
1.505752
2.378386
1.789257
3.222581
2.018897
2.991433
3.367710
2.822458
3.373647
3.084726
3.007837
3.409282
3.426478
3.335607
3.393574
3.381301
2.999643
3.378929
1.511777
2.125958
1.456920
2.712151
2.394306
2.605755
3.401358
2.996041
2.367716
2.073290
3.044978
3.016128
3.240480
2.778549
2.930172
3.537194
3.383892
3.404541
1.518325
2.376188
1.511340
3.378222
3.610795
3.616746
3.534410
3.553134
2.982900
3.224572
3.395712
3.321118
3.421891
3.389538
3.349222
3.529603
3.394073
3.221073
3.412684
2.981879
3.620441
3.340355
2.852883
3.578182
2.866377
3.362366
3.008974
3.288860
3.260325
3.430267
1.589786
3.630854
3.615403
3.382822
3.417928
3.301509
3.402539
3.243077
2.999365
2.993896
2.988344
3.002563
3.407096
2.765455
2.056886
2.107826
2.708734
1.772573
3.549592
3.389244
3.381407
3.122345
3.273129
3.538965
3.423180
3.390497
3.406895
3.382958
2.374184
3.572864
3.000747
3.216266
3.423957
3.474340
2.298910
3.352009
3.379991
3.396167
3.389622
3.333881
2.985184
2.401308
3.353978
3.390195
3.416828
2.375131
1.372385
1.279913
2.376069
1.661433
3.098912
3.516095
2.366696
3.253984
3.395621
3.442785
3.218485
2.906585
3.531121
3.527072
3.216522
2.982095
3.417196
3.366781
1.556725
2.369372
1.482841
2.816808
3.285971
3.385000
3.378331
2.990652
3.432256
2.766438
3.352881
2.915380
3.480078
3.426127
3.382849
3.290689
2.444898
3.255761
3.607733
3.625816
3.445433
3.589636
3.554147
3.219566
1.642833
3.285202
3.378793
3.188994
1.348690
1.602057
2.562806
1.494855
1.583218
1.513594
3.038246
1.587889
1.533982
1.976590
1.510324
1.582051
2.406109
3.102036
3.223491
2.990111
2.954558
2.523830
3.285568
3.381434
3.423663
3.423369
2.182499
3.223008
2.815161
2.254981
3.170587
3.552881
3.406306
3.235351
2.380354
3.509164
3.231068
2.696045
3.430437
3.419150
2.367975
3.458084
3.297982
3.362134
3.111652
2.175974
2.589649
2.828781
2.635038
3.265813
3.219537
3.613419
3.388724
3.410383
3.385735
3.383550
2.981970
3.445139
3.639252
3.379692
3.524299
3.220163
3.612981
2.975686
3.402776
3.106844
3.005536
3.413073
3.325680
3.319637
2.929772
3.002835
3.245804
2.817515
1.587013
3.381216
2.982344
3.425206
3.383040
3.382414
3.087690
3.507726
3.602048
3.400584
2.993536
3.221870
3.518868
1.695113
1.609926
1.506870
3.336052
3.343135
1.647125
1.542926
1.485355
2.308293
2.854907
2.807629
3.220846
2.995759
3.414249
3.231715
2.813278
2.068973
1.682066
3.253743
2.474719
3.006191
2.359876
1.517227
1.778579
1.501840
2.823870
2.336152
2.685308
3.033118
3.018052
3.497290
3.107021
3.372636
2.984883
3.330125
3.223918
3.217005
3.380835
3.412224
2.244745
3.095033
3.377459
3.382147
3.022860
1.644979
3.187176
2.998742
3.229523
2.171081
1.686415
1.526831
3.186722
1.570524
3.000446
3.074468
3.219945
1.321439
2.406018
3.409830
3.024463
2.981098
3.377895
2.983321
2.043935
3.378821
3.431176
1.646768
1.688279
3.378738
3.224544
3.123501
3.403908
1.285103
3.502549
3.373389
3.344135
2.374732
3.331626
3.386143
3.003871
3.131308
2.987610
2.444204
2.980316
3.485337
2.691653
2.376367
3.411856
2.394748
2.826466
2.381187
2.991493
3.087482
2.746796
3.218297
3.032797
2.278012
2.523266
2.989001
3.419394
2.288247
3.002189
2.348903
3.546303
2.837708
1.499884
1.513017
1.642475
2.189023
1.667871
2.626253
1.344797
3.007419
2.384821
1.777912
1.539348
3.220391
2.249863
3.069660
2.375737
2.337634
2.942564
1.539093
3.580227
3.567051
1.565413
2.368284
1.634249
2.987347
2.395854
1.918743
2.809982
2.823635
2.478187
3.584727
3.339382
1.496532
3.270865
2.282703
3.377811
2.213611
2.368813
2.821281
2.375056
1.466988
3.343735
2.999725
3.081841
3.429471
2.230244
1.723071
1.701948
3.193539
1.573591
2.035301
2.378689
3.088105
3.220760
1.606349
2.232377
2.404648
3.583091
3.295445
3.377487
3.009640
3.546050
3.001444
1.327927
2.398949
1.631030
1.651060
1.316248
1.402875
2.412776
2.351572
2.679451
2.717031
3.520255
1.636753
2.411040
1.496252
2.942165
1.525449
1.278615
1.581175
2.375510
1.498767
1.498487
3.335321
3.521757
3.378058
2.989029
1.925650
2.969349
2.850184
3.224459
3.432341
3.378848
3.116273
3.368639
3.521410
2.234936
2.705318
2.981939
3.099151
3.379922
3.518290
3.120899
3.355441
3.620105
3.319206
2.369812
2.814925
1.562347
3.478643
2.736649
3.234137
2.556461
3.102997
2.371334
3.270433
3.592090
3.383976
3.518752
3.532386
2.982720
3.427255
3.599045
3.363124
3.427653
3.377214
3.426858
2.514944
3.395165
3.396010
3.381006
3.024142
3.219423
2.978404
1.735869
3.622793
3.193084
2.836055
2.991575
3.222979
3.223178
2.740577
1.746546
2.536809
3.407460
2.407205
3.003408
2.989510
1.630672
2.400202
2.914980
1.562091
1.728041
1.553403
2.991793
3.383997
3.220647
3.369343
3.240192
2.979982
3.055556
1.849671
2.971748
2.721590
3.092740
3.431858
3.175124
3.312300
3.171824
2.395117
2.351276
1.514386
2.979896
2.966551
2.393938
2.363434
3.384646
2.800482
3.394255
3.392342
3.397624
2.386637
3.061326
1.840174
2.869076
3.419590
3.428619
3.526819
2.977264
2.992034
3.358646
3.378875
3.107713
3.209446
3.399264
3.379147
3.515979
2.947362
3.363400
3.542760
2.400128
2.711663
3.416603
3.388949
3.612544
3.632870
3.217148
3.596999
3.377051
3.392856
3.426801
3.368904
3.258529
3.380395
3.062288
2.369223
3.541242
3.383866
3.273023
3.354393
2.983819
3.088036
3.426460
3.220135
3.416309
2.388530
2.997982
3.216664
3.522681
3.381243
2.612100
3.514939
3.387466
3.424654
3.641268
3.538206
3.616410
3.635893
3.616074
3.515863
3.638580
3.418945
3.515401
2.365807
3.573682
3.376915
3.557942
3.424562
3.438961
3.041772
1.382990
3.037926
1.516369
1.512141
2.376797
2.374753
1.401550
1.578701
2.807393
1.499605
2.837378
1.753220
1.451886
1.573335
1.525172
2.767747
1.518046
1.371059
1.501002
2.369362
1.559280
2.449059
1.530660
1.624234
1.313653
2.196091
1.561836
1.861759
1.629241
2.334965
2.379446
2.375434
3.245349
1.361779
2.318528
1.304569
2.880546
1.595261
3.029912
3.231542
2.307440
1.512737
1.603130
1.573079
2.952159
3.095745
1.640687
1.303271
2.318102
1.466269
1.535515
3.560978
3.370266
1.420109
2.390916
3.246790
3.398874
3.019334
2.179236
2.625765
1.488429
1.646410
3.466690
2.564270
3.224117
1.488149
1.487311
2.405652
1.517767
3.221130
1.406852
2.262231
3.411013
2.451833
2.413324
3.274593
3.379338
3.218456
3.417104
3.335175
3.385021
2.616492
2.393348
3.107933
2.875823
3.470993
2.882570
2.303175
3.142071
2.995339
3.427596
3.381816
2.684820
2.997261
2.368863
3.192630
2.996420
3.322119
3.383104
2.442123
3.218172
3.428188
2.514250
3.243075
3.399119
3.413605
3.572455
3.381951
3.382841
3.561991
3.382496
3.343885
3.610357
3.478165
2.981999
3.405959
2.555973
3.392774
3.410719
3.536181
3.381652
3.297193
2.474026
2.287394
3.379623
3.000506
3.414342
3.242766
3.400357
3.351417
3.397169
3.111893
3.384537
3.378766
3.515286
3.385762
2.747451
3.374239
3.007174
3.563003
3.589227
3.431606
3.577773
3.428392
3.304531
3.219964
3.270001
3.403453
3.385713
3.092225
3.444845
3.544278
3.383476
3.539977
3.418956
3.506288
3.539724
3.416014
3.421310
3.377596
3.591681
3.224828
2.369143
3.028630
1.886797
2.105236
3.429642
1.548292
2.032711
3.059403
2.367895
1.924787
1.478091
2.375593
1.584386
1.501561
2.982437
1.875573
1.667513
1.591327
1.871256
2.104373
2.412684
2.211479
2.798845
3.216977
3.223804
2.382323
1.594904
2.596482
3.338131
3.102677
3.111936
2.396149
3.256257
3.425759
3.407669
3.380127
3.377922
3.296762
3.005253
1.517590
3.332627
3.216237
2.376397
3.005864
3.004179
2.375057
2.367785
2.936568
3.363150
3.156152
2.681403
2.238774
2.987106
2.997716
2.374937
3.092854
3.007734
2.978141
3.310078
3.265685
3.342637
3.383419
3.101113
2.997322
3.007092
3.384401
3.383421
3.385060
3.622457
3.221329
2.680915
3.380862
3.377672
3.242622
3.089095
2.734030
2.398065
3.003511
3.378467
1.880753
3.002790
2.286968
2.307013
2.778222
2.988308
2.771675
2.379219
2.579888
3.089183
1.584240
2.954158
3.384155
2.315116
1.640329
1.653206
3.285934
3.109253
3.105953
2.369213
3.005313
2.996368
3.320868
2.313410
3.236443
3.392798
3.314889
2.350979
3.378684
3.508876
2.794917
2.797208
3.423547
3.382513
3.247622
3.218997
3.382289
3.003931
2.519105
3.385082
3.522219
2.175430
3.492987
3.287031
3.217944
3.407278
3.238462
3.225301
3.557689
2.986728
2.950560
3.007897
2.983561
3.391958
3.009027
2.743523
3.375186
3.348889
2.257966
2.928173
3.369905
3.006695
3.226352
3.342134
3.381761
3.382251
2.994404
3.379365
1.575635
3.348639
2.762182
2.962153
2.989871
3.368407
3.002098
2.929372
3.217460
3.336630
3.095945
3.425666
3.413955
3.391597
3.629511
3.418853
3.224686
3.228391
2.904161
3.328123
3.537953
3.420234
3.593727
3.384601
3.588818
3.333878
3.347759
3.566039
3.063249
3.236155
3.386171
2.992930
3.399246
3.415907
3.413287
3.092459
3.133621
3.415815
3.217859
3.417012
3.216379
1.923923
3.385898
3.283373
3.351577
3.431801
2.978316
3.301078
2.165643
3.356756
3.420142
3.002508
2.976475
2.988368
3.525554
2.980683
3.415426
3.402482
1.953279
3.218883
3.229443
2.334669
1.694492
2.567687
2.346531
1.478929
3.381679
2.650168
3.529350
3.563762
3.335379
2.788370
1.643906
3.325809
1.832403
2.982313
2.378311
1.955869
3.138410
3.604234
2.978930
3.408553
3.238987
2.226832
3.398353
3.271666
3.411395
1.590969
3.217375
3.366316
3.408401
3.002426
3.486293
3.422260
2.306587
3.367148
2.396812
3.418485
3.384759
2.885269
1.588326
2.327911
3.077033
3.380018
2.809747
2.341786
3.397164
2.927773
3.381978
3.490118
2.376157
3.003991
3.323522
3.398952
3.371195
3.004953
2.385351
2.320661
1.465549
3.319224
3.375395
3.287397
2.995038
3.309347
2.987200
1.522130
2.277159
1.589640
2.996941
3.420510
3.247400
3.360508
3.391887
2.940166
3.219708
3.638244
3.383149
3.554906
3.006455
3.371907
1.609569
3.006155
2.999397
3.157802
2.988549
3.097191
3.460475
1.414807
3.208991
3.376843
3.223406
3.513437
3.519677
3.537700
2.375061
3.085750
3.489640
2.835724
3.002970
3.373528
2.093149
3.260506
3.378712
3.385027
3.005455
3.370441
3.216863
3.226949
3.009159
2.693605
3.368654
2.990291
2.780186
3.261057
3.364901
2.825753
3.348125
3.368404
3.184904
3.127838
2.368584
2.367885
2.997682
3.111647
3.111358
2.286541
3.421799
3.383176
1.948098
3.432540
3.107053
2.974897
2.997760
3.600298
3.362026
3.086375
3.427199
3.095456
2.006809
2.981597
2.402708
3.384129
2.994557
3.217603
3.317395
3.374594
3.291151
3.377732
3.576136
3.632534
3.393656
3.517366
2.369402
3.106732
3.147198
3.217717
2.291659
2.992214
3.601610
3.421523
2.985424
3.492509
3.300646
3.363063
3.288129
3.383078
3.101333
3.327623
3.218627
3.517250
2.623813
3.615067
3.337881
3.008703
1.550081
3.132175
3.428790
3.102973
2.391874
3.386034
3.002850
3.636901
3.225170
3.426605
3.285539
3.227773
2.889317
3.386890
3.424377
3.427539
3.432585
3.408826
2.386259
3.384417
2.369642
2.368803
3.000052
3.177186
1.517152
3.522104
2.675547
2.804569
3.328701
3.414753
2.926574
3.397409
3.377476
3.450912
3.222069
3.386361
2.981566
3.291055
3.399173
3.588000
2.989329
3.383245
3.523490
3.395699
3.361148
3.282518
3.346887
3.399082
3.415631
3.221841
3.230388
2.771348
3.375068
2.172168
3.385926
3.563509
3.463343
3.441314
3.526566
3.086651
3.224658
3.380617
2.513557
3.258356
3.118297
3.413531
2.776258
3.619769
3.552628
2.984402
2.720281
2.387621
3.004227
2.996480
2.994618
3.386062
2.976738
3.556424
3.382278
3.383839
3.409191
3.385789
3.156977
3.381461
3.410425
3.386596
3.399992
3.419498
3.392137
3.441020
3.582682
3.237644
3.625480
3.250803
3.252013
2.736321
3.516557
3.087779
3.407913
3.423733
2.984943
3.395127
3.118008
3.402633
2.984008
3.330565
2.231950
1.771906
1.589056
3.231260
3.599863
3.071583
3.223534
1.679264
2.765128
2.405196
3.418761
3.614731
3.423088
3.379803
2.402634
3.618090
3.291421
2.677987
2.849509
3.637908
3.442491
3.627495
3.418662
3.419406
3.384242
3.205810
2.332593
2.380809
2.392316
3.106523
2.956157
2.384518
2.995399
3.321053
3.213081
1.930830
2.026667
2.368275
2.658465
2.188479
2.996860
3.101715
1.626737
1.510791
3.334223
2.614052
3.394477
1.597407
1.538837
1.623876
3.220618
1.536537
2.367875
2.261805
1.480046
1.545226
2.141499
2.379825
2.376494
2.714103
3.090496
2.997351
2.793935
1.570268
1.879890
2.377024
2.408483
2.205508
1.509105
2.479574
2.367865
2.185217
1.274722
2.376218
1.552892
3.071263
1.445414
1.301973
1.510514
2.394675
2.872449
2.399244
3.398262
2.982188
1.510223
3.192176
2.620885
1.538581
3.212627
1.687658
3.207173
3.043055
3.266255
2.337338
1.528214
2.192285
1.529874
2.401234
2.367596
3.383393
2.375719
2.552557
2.982282
3.378086
3.381706
3.370033
2.397991
3.438667
3.340442
3.384211
3.427142
3.222297
1.623518
1.482561
2.368644
2.637967
1.815999
3.375093
3.511465
3.219327
3.377080
3.382342
2.918178
3.406003
3.222951
3.376301
2.906185
3.430135
3.401599
2.899438
2.742214
3.228988
3.418393
3.393982
3.318774
3.095267
2.981034
3.382946
2.507315
1.735201
3.404981
3.368175
3.428432
3.520139
3.115406
3.218428
3.336418
2.369093
1.511051
3.069340
3.031515
3.094097
3.416367
2.056023
2.620397
3.376725
3.272591
3.274959
3.569591
3.383051
2.991012
2.506622
3.344101
1.628883
3.102684
2.049979
3.325121
3.387476
1.666440
3.321419
2.330470
3.090252
3.379637
2.985003
3.316845
3.337630
3.108153
2.587697
3.382040
2.396075
2.677499
2.448365
3.309710
3.360148
3.095625
1.512504
3.422192
1.495973
2.383609
2.810689
2.039618
3.384575
3.283813
1.639256
3.009219
2.402339
3.044657
1.685794
1.481443
1.565158
2.317675
1.793928
3.112113
3.085673
2.372430
3.228534
3.289226
2.409031
1.505473
1.650702
3.364922
1.609211
3.220504
3.000379
2.368744
1.567202
2.399613
1.649271
3.378494
3.384207
2.979415
1.312355
1.497649
2.353351
1.581905
1.527938
1.389619
1.579723
2.334372
2.645287
3.026386
3.307120
2.562318
1.524895
1.494576
2.317249
1.400224
1.482282
1.587743
2.205081
1.409504
1.499326
2.375622
3.338247
2.368015
2.994077
1.582635
2.368574
1.510237
1.636395
1.298080
3.429187
2.995098
3.220106
3.489162
3.549339
3.002344
3.356325
3.358483
3.380481
3.381224
2.408392
3.343003
1.644622
3.375562
3.349588
3.377509
2.726173
2.633086
3.006215
3.221699
1.532960
3.108177
3.111069
1.907519
3.086928
3.382579
1.798731
3.390520
2.998764
2.758581
3.301351
3.500159
2.976913
2.898763
2.374967
3.373583
3.544025
3.084940
3.341650
3.346398
3.280360
3.154090
3.385817
3.591272
1.719965
1.613145
2.983621
3.000807
3.122055
3.091986
1.968820
3.421898
2.079334
3.066775
2.990351
3.384942
3.005914
2.290380
3.005149
2.879871
2.388908
1.333118
2.369542
2.396738
1.469864
2.618444
3.037285
2.322367
2.966151
3.227170
3.310444
3.232304
2.546965
3.327373
2.369752
3.507438
3.323620
3.223776
2.549629
3.275181
3.384292
3.245093
3.499681
3.535675
3.219444
3.272383
3.401085
3.386388
3.219395
3.413776
3.101238
3.407916
3.382171
3.335128
3.217347
3.336379
3.002017
3.278983
3.198993
3.577364
3.323090
1.891114
1.755222
3.316171
3.265801
3.218769
2.980946
3.383367
3.349954
3.415485
3.311456
2.397917
2.096602
2.774949
2.983681
3.001347
2.980596
3.218143
2.981908
1.490385
3.250860
3.133331
3.373001
3.340808
3.323614
3.586772
2.975248
3.511177
2.981209
3.234896
3.462865
2.986626
3.091697
2.254128
3.374120
1.759226
3.416218
3.355394
3.279065
3.385953
3.263527
3.121766
3.382523
2.933370
3.117140
2.992521
2.946962
3.005782
3.222240
2.118187
2.289953
3.381107
1.952415
2.391211
2.637479
2.374623
1.957596
2.389663
3.514823
3.126103
3.359811
3.317048
2.989313
3.319590
3.005373
3.217473
1.597050
3.221813
2.985724
2.260099
2.406748
1.625307
3.409100
3.007476
3.021898
3.380971
2.379976
3.345966
2.912981
3.234717
1.722450
2.898089
3.406203
3.423917
1.765899
3.300933
3.351783
3.004472
3.261423
2.132001
2.953758
3.416735
2.346234
2.375609
3.393890
3.311176
3.090119
3.020296
3.379321
3.328370
3.362900
3.240350
1.663936
3.382552
3.607296
3.218314
2.371772
3.381738
3.405912
3.384128
3.217119
3.439549
3.426744
3.221181
3.499202
3.415262
3.377786
3.584318
3.426035
2.281423
2.982359
3.379220
3.427782
3.013228
3.384020
3.366084
3.258068
3.342884
3.007537
3.289856
2.758254
3.385419
1.643548
3.003163
3.119742
2.274173
3.010319
3.331291
3.239473
3.223241
3.415170
2.068110
3.409378
3.421063
3.377351
3.399446
2.382852
3.400266
2.997382
3.384319
3.176773
3.414250
3.363490
3.414618
3.002240
3.105575
3.088013
3.413053
3.381105
2.938567
3.424285
3.401996
3.399901
3.249350
2.403552
3.314458
3.271709
2.909383
3.231274
3.370963
3.418173
3.375660
3.089417
3.419638
3.223447
3.603797
3.278446
3.068057
3.251545
2.981158
3.313005
3.351145
1.866076
3.244229
2.374997
2.567199
1.518811
3.223080
1.532704
1.583073
2.129411
3.308087
1.632103
2.680427
3.271254
2.980377
2.394601
2.187936
1.650344
1.405527
3.326907
1.554681
3.070942
2.364620
3.040490
3.005433
1.610642
2.377251
2.549141
1.582489
2.979475
1.451167
1.500723
3.003571
1.885934
2.226406
3.019975
1.541648
1.626380
2.411314
1.514414
1.762563
1.559025
2.424785
3.026065
2.435882
1.499046
3.542507
1.355179
2.314690
1.283806
3.338613
1.450448
2.375888
1.535259
2.367746
2.353055
1.662863
3.268374
2.571103
3.006515
3.049786
3.222780
3.039208
1.464830
2.600874
2.083651
1.487032
2.941765
2.462236
3.416463
2.368384
2.960554
2.532294
1.648914
3.280080
3.094299
2.536244
3.405821
2.821045
3.104600
2.992112
2.809512
1.413481
2.025804
1.574868
1.566946
2.340896
2.687748
2.369802
2.324499
3.252643
2.398581
3.345534
2.344751
2.367965
1.921333
2.348607
1.527661
1.576401
1.523789
1.506590
3.339923
1.517953
2.374980
1.482002
1.529597
1.514134
1.500443
2.376099
2.406657
1.860895
1.516928
2.234509
3.090353
2.593066
1.307164
3.044337
3.041452
1.935147
2.273747
3.247167
2.376418
2.368514
3.381026
3.152028
3.224231
2.820104
2.387319
1.552636
1.589494
1.587597
1.585408
1.587451
1.508825
1.320141
3.160277
1.522959
3.203083
2.195548
1.665009
1.523513
2.405561
1.522683
1.578446
1.493737
1.839310
3.391796
1.449729
1.544714
3.179248
3.397653
1.353881
3.123212
1.754555
2.314263
1.296783
1.443976
2.924975
1.596692
1.636037
2.334076
1.504914
1.579468
2.703854
1.558003
1.360454
3.220277
1.532449
3.087413
1.771238
2.385123
1.326630
1.443257
1.398898
1.430225
1.623161
2.405378
3.220248
1.273424
3.091523
1.577424
1.272126
1.392270
2.367736
2.649192
2.406566
1.540115
1.352583
1.557747
2.816573
2.989960
1.497370
2.410949
2.376129
2.333779
1.381665
1.512450
1.311057
1.295485
1.765232
1.291592
3.079918
1.294187
3.383312
2.347420
2.405104
3.425943
3.367403
3.090587
3.313477
2.826224
2.834732
3.343635
3.536941
3.267843
2.750070
3.219935
2.738940
3.506000
3.334628
3.369709
2.394233
2.401676
3.004652
3.006109
3.372821
1.666083
3.426403
3.414020
3.359578
3.326122
3.106443
2.738613
3.383025
3.105286
3.561738
2.994437
1.513855
3.532133
3.377391
3.557436
2.977878
2.584769
3.285108
3.420371
3.216493
3.406691
3.101993
2.213185
3.379093
3.521988
1.646052
3.432767
3.415730
3.108373
3.059082
3.392251
3.507151
1.784585
2.988128
3.299469
2.760218
1.518534
1.558769
2.295924
2.352758
2.989738
3.233272
2.377554
2.682868
2.377781
2.338227
2.251143
1.662506
1.642118
2.375652
1.577168
3.004352
3.225807
3.314103
2.426866
2.582328
1.541392
1.579212
1.511061
2.816338
3.253009
3.473862
3.015808
3.085058
2.403187
3.405001
2.735994
2.160750
3.235083
1.963639
2.502460
3.423641
3.386252
3.622121
2.117324
2.390548
3.205355
3.088573
3.304045
1.459796
1.512173
2.324073
2.214464
2.724864
3.000871
3.379174
2.974809
2.113870
3.224003
1.388293
2.986055
2.340600
2.566711
2.257113
3.106173
2.387243
3.015487
3.412484
3.005700
3.109088
2.439349
3.249130
3.006936
1.478649
2.986506
3.603360
3.538712
3.402542
3.423075
3.542254
2.072427
2.438656
3.083764
1.867802
1.562858
1.741875
2.337041
3.221301
1.530404
3.407825
1.847944
2.368005
2.382247
2.369203
2.054296
2.986686
3.373028
3.430722
3.338631
3.569182
2.701414
3.245326
1.588910
2.729120
3.523375
1.897158
1.529321
2.980196
2.395559
2.294218
1.594546
2.310425
2.368265
2.561830
2.749743
2.128548
2.403095
1.569502
2.378084
2.377705
1.761895
2.374513
1.738538
2.368195
2.733702
1.547270
2.197722
1.533726
1.504634
2.964152
2.460155
2.535680
2.350089
2.648704
2.576960
2.376721
3.284509
1.483679
1.630314
1.638899
2.375358
3.400829
2.372649
3.108767
2.993115
1.734534
3.248842
2.992394
2.356613
2.741886
2.340303
2.992454
2.304881
2.374904
1.764565
2.368255
2.388454
3.307984
3.534157
2.998824
2.387016
2.131138
2.220862
1.569246
2.368853
2.392906
1.513556
1.989541
2.371663
3.283835
2.367706
3.323370
1.693871
1.512458
3.219310
2.316822
3.306054
3.222723
1.556469
1.621730
2.225553
3.382815
2.759890
1.731865
1.521853
3.000146
2.823399
2.373307
2.216170
3.386568
1.691386
3.412066
2.806452
3.392317
2.773312
3.355893
3.389802
3.388986
2.302748
3.377757
3.217830
3.521064
3.419313
2.375414
3.384755
3.012581
3.250572
2.369722
3.086374
1.607423
2.992274
2.716543
3.452825
2.392611
2.368793
1.741208
2.375086
2.461542
3.009279
2.344455
2.323646
1.462673
1.442537
1.429353
1.501281
3.061005
2.405926
2.377175
1.509943
1.502399
3.006755
3.374002
3.085907
2.595994
3.003210
2.754326
3.226716
2.979956
3.325077
2.979535
2.369193
2.741559
3.220817
2.996000
1.940328
2.979280
3.280446
3.250283
3.221984
2.380733
2.982420
2.369003
3.423549
3.412961
3.635557
1.999038
2.997562
2.675059
1.885070
2.986218
3.261789
3.025745
1.376362
1.440380
2.405835
2.369452
1.509664
1.500164
1.508546
1.277317
1.641760
2.709711
2.979595
3.181723
3.379011
3.111013
2.981846
2.388833
3.306689
2.673106
3.211264
3.316616
3.104193
2.989984
3.408366
3.379937
3.560725
3.393526
3.129573
3.084947
3.431312
3.238173
3.015167
2.737958
3.337380
3.227979
3.297274
2.368374
3.272159
2.400571
3.260801
2.999425
3.025424
3.007597
3.239839
3.350320
3.247112
3.429654
2.730102
2.522573
2.280144
2.374403
3.134748
1.418784
1.638541
3.107888
1.860032
2.994137
2.363138
2.728792
3.347261
3.380236
3.215354
2.703366
2.987167
2.994858
1.973137
3.070622
1.547014
2.984102
3.229235
2.390474
3.204901
2.368883
1.477532
3.028309
3.111233
3.124369
2.395043
2.398507
3.328736
3.001116
1.654279
2.384215
2.982535
2.652608
2.229818
1.557491
1.455482
2.529473
2.249437
2.284835
2.401160
2.266923
2.368734
3.235449
1.986088
2.824811
2.727483
1.783918
1.534493
1.504355
1.585991
1.808228
2.382777
2.369083
2.414382
2.521879
1.469145
3.402998
1.290294
3.338979
2.648216
2.356317
2.412593
1.475576
1.566691
1.343500
2.727155
2.397696
2.818456
2.459462
2.273320
2.576472
2.217876
3.225352
2.046525
1.693250
2.381566
1.359128
2.711175
3.222922
2.379749
2.764801
3.270345
2.300616
2.263937
2.922576
2.987888
2.145816
1.620299
2.402560
1.564902
2.761855
2.271614
2.814690
3.001935
3.255802
3.282087
2.763819
3.109045
2.225979
3.278202
2.995141
2.437962
3.404910
2.982157
1.859168
1.645695
2.369073
3.403362
2.174887
2.424092
3.217574
2.608195
3.218115
3.382686
2.399539
3.398171
3.224203
2.993296
2.441430
1.980044
3.505713
2.671154
3.293266
3.196266
2.998685
2.809276
3.301298
2.348310
1.838447
2.368843
1.550592
1.511897
2.408301
2.672618
3.560472
3.000927
3.300214
3.515170
1.731197
2.949361
3.404004
3.424193
2.367775
3.112803
2.755962
1.300676
3.412310
2.535116
2.352462
1.526555
1.664652
1.428481
2.375980
2.512170
2.272894
1.601700
1.288996
2.808805
1.627810
2.209346
3.404364
2.222994
3.422325
3.281655
3.246713
1.475297
2.279718
2.992439
2.272467
3.257780
3.007747
3.003856
3.258075
2.368684
1.928240
2.368125
3.243131
2.222568
3.421104
3.096901
1.570013
2.369881
3.262155
3.017731
2.155313
3.384365
3.333627
2.447672
3.343376
2.368973
1.626022
3.218990
1.459077
2.219156
2.379143
2.338820
3.224898
1.761228
3.324871
3.210809
1.653921
3.094022
2.958555
2.989902
2.591113
2.402266
1.797867
1.807365
3.223605
2.364324
3.249707
3.237885
2.125094
2.124231
3.298488
1.396247
2.246878
2.815867
2.369133
1.629957
2.451139
1.643191
3.292593
3.412554
1.665725
3.224443
2.579400
2.910583
2.053432
2.250716
2.382171
2.369632
2.368674
3.221272
1.774575
1.483399
1.282508
1.524619
2.570615
3.226261
3.236181
2.994322
2.985154
1.533471
3.222695
2.327485
2.368354
2.750725
2.375661
2.354538
3.407005
1.567969
2.199963
3.314468
2.276732
3.429926
2.005946
2.373746
1.703190
2.587209
2.375205
2.278865
3.349640
2.511476
3.245692
2.989931
2.367955
2.248157
2.224273
3.218741
3.411303
2.494832
3.102395
2.252848
3.409009
2.140635
2.369622
3.297309
3.462387
2.578912
2.566223
3.276476
3.081521
1.574613
3.214899
2.206787
3.025104
2.168906
1.357802
1.758559
1.635322
2.369841
1.988678
2.392537
2.429640
3.403271
1.585262
1.270829
2.412136
1.618511
2.984663
2.293792
2.456688
2.978842
2.271188
3.019013
2.981578
3.412868
2.369871
2.368225
2.554021
2.291233
3.055235
2.772985
2.369442
3.404273
3.009039
2.996781
3.281814
3.232522
3.384782
2.998343
3.310782
2.113007
2.336745
2.366400
2.858280
2.354241
1.476694
2.393864
2.223847
2.376377
1.558514
3.263252
2.501767
3.429253
3.002262
2.941365
2.540194
2.813042
3.269570
3.219167
3.003270
1.356477
1.770571
1.492340
3.404247
3.246535
2.376948
2.552069
1.583656
3.195811
3.339345
3.311868
1.380339
2.993913
1.717480
2.380279
2.702878
2.605267
2.967750
1.581759
3.403953
2.746469
2.695557
2.367945
3.004412
2.993596
3.259221
2.410858
3.042734
3.301664
1.793261
1.437198
2.748433
1.633891
2.370895
2.368185
2.754980
3.133042
2.999070
2.367915
3.223747
3.379719
2.652120
2.989210
2.818221
2.999970
3.151592
3.252166
3.002549
2.332176
2.592577
3.035682
3.381697
2.544144
3.222005
2.919777
3.637573
3.384428
2.981690
3.348491
2.417850
2.409945
2.981638
2.437269
2.625277
2.376343
1.601342
3.230806
2.656025
3.264350
2.980420
2.496912
2.998988
3.091458
1.514972
1.621372
2.749415
3.047542
3.380263
3.084405
3.297640
2.127684
2.879197
3.086329
2.812807
1.325332
1.424086
3.357636
3.105513
3.449846
2.813749
2.993356
3.212172
2.293365
2.968949
2.341489
2.985072
1.502120
1.661075
1.404201
2.983108
3.263983
1.967956
2.990171
3.168525
3.429415
3.220808
2.960154
3.107599
2.431721
3.247155
3.277772
3.004472
1.612788
3.201720
1.541137
1.524342
1.481164
3.336784
1.568991
2.356020
2.629182
2.749088
3.362399
1.375036
1.769904
2.993656
2.986627
2.666762
3.227217
2.178693
3.029591
2.868401
2.984643
2.794590
1.690764
3.216443
2.993957
3.358051
3.291787
2.847485
3.260347
3.383340
1.698220
2.256687
1.631745
1.468426
3.384510
3.525301
2.771020
1.475017
3.090175
3.429898
2.971348
3.369655
3.289224
1.879027
3.380889
3.223150
3.102213
2.302322
2.722900
3.431119
3.410567
3.385109
2.989247
1.518258
3.375928
3.008156
3.432028
2.988789
3.168113
1.896294
2.804098
1.446852
3.384470
3.086008
3.394833
3.535422
3.047222
3.402783
3.097139
3.386268
2.610636
2.993831
1.678326
3.049466
2.413689
1.726178
1.751885
3.053312
2.399465
3.383503
3.233533
2.187392
3.429869
2.981698
2.805746
3.414157
2.983599
3.384102
2.980016
1.745879
2.018033
2.375682
2.973747
2.394527
2.980076
3.360898
2.948961
2.558902
1.512867
2.998403
3.394983
2.920577
3.255935
2.798518
3.523721
3.387826
3.406012
2.931771
1.585845
3.234442
2.359579
2.987528
3.218535
1.617795
2.775931
2.584281
3.383802
3.219366
3.086097
3.516441
3.428108
3.566798
1.962776
3.225507
2.908984
2.775603
3.476253
3.378004
2.581840
3.311437
2.737631
3.001828
3.225141
3.166463
2.370786
3.417564
3.400174
3.104853
2.970149
2.917779
3.412592
3.223653
3.380753
3.384342
3.346296
3.391303
3.435725
3.401073
3.419221
3.350714
3.401305
3.357145
2.979894
2.505928
2.371224
3.334378
3.350686
2.661393
3.531880
1.708782
3.386198
3.086027
3.016770
3.108756
2.981752
2.467784
3.007665
3.277098
3.227155
3.218001
2.543580
2.993191
3.383734
3.425114
2.615516
2.361951
2.991072
2.409397
3.383948
3.392707
2.989656
3.299835
2.983926
3.388005
1.486752
2.243039
1.342202
2.980437
1.589348
2.575008
1.593115
1.543692
1.566435
2.986405
2.156944
2.473332
3.380046
2.292939
2.327058
2.406292
2.225126
3.242787
3.587591
2.623325
2.861654
3.222410
3.380672
2.777895
3.237597
1.685173
2.963752
2.391506
3.449551
2.412045
2.674571
3.393799
3.543772
2.770693
1.813409
3.081200
1.490105
3.219139
2.641871
3.222211
3.393708
3.166051
3.429812
3.427824
1.998175
2.755635
2.498993
2.996540
3.129284
2.369123
3.264715
3.224174
3.084863
3.405730
3.219822
1.663579
2.160206
2.710687
2.112143
2.981535
2.719954
3.385136
2.446978
1.615292
2.980917
2.373636
3.005614
1.657498
3.239903
3.431062
3.385966
3.253455
3.378576
3.074148
2.320234
2.261378
2.787061
2.884594
1.507428
1.386967
3.317761
3.190812
1.672697
2.368564
3.383339
2.700926
2.401602
2.397402
3.536688
3.367478
3.415132
3.150860
3.381579
2.999004
3.060685
3.411333
3.094331
2.610147
2.446285
2.401529
2.150133
2.655048
2.710199
2.600386
2.417156
2.266496
2.613564
2.269055
2.436575
2.234083
2.848834
1.657140
3.031194
2.984990
3.479599
3.239615
2.641383
3.405366
2.988428
3.353303
3.517135
3.134199
2.908184
3.258933
2.903486
2.983496
3.268740
3.376607
3.360275
3.367514
3.221244
2.782150
3.385327
3.315498
3.399810
1.583510
1.585116
1.513280
1.627453
3.256301
3.559460
2.981503
2.594042
2.922176
1.967093
3.324817
1.837584
2.919378
2.372320
3.411764
2.383912
2.237495
2.374677
3.072225
3.400128
3.351051
3.222382
3.001167
3.235867
3.295811
1.733867
3.345103
2.613076
2.976387
3.321785
3.383524
3.125814
3.414986
3.141339
3.425012
2.948561
2.004219
3.316298
2.369113
2.982406
3.014197
3.389893
3.416275
2.981218
1.590807
2.981472
3.380399
2.731738
3.324620
3.220353
3.000789
3.217546
2.988188
2.369592
3.410131
3.244895
3.382305
3.005013
3.309713
3.376294
3.431744
2.372211
2.602827
3.218285
3.277885
3.379556
3.000301
2.483735
3.097372
2.992030
3.329874
3.388903
3.231253
2.259672
2.761527
2.329191
3.586363
2.139772
2.384139
2.396001
2.389590
3.413513
1.634964
2.590625
3.306257
3.526060
3.310108
2.266070
2.367586
3.465734
3.430142
3.369801
2.781823
3.271728
3.096612
3.248553
3.094565
3.404249
2.984336
2.777567
2.981659
2.704830
3.394892
2.767420
3.386279
3.382713
2.981628
2.389958
3.218712
3.423791
2.344158
3.370806
2.987527
3.040170
3.223378
2.997392
3.075751
3.283739
3.521641
2.184673
3.050748
1.806501
1.684552
2.528909
3.409738
3.217802
2.491364
2.790661
3.226063
2.991621
3.602922
2.426172
3.018693
3.515748
3.386302
3.379283
3.399719
2.991948
2.374951
2.286115
3.220220
3.378653
2.674083
3.244228
3.009711
2.396370
2.907784
3.224683
2.979193
2.490670
2.831426
3.286299
3.523259
2.375500
3.332376
3.327122
2.095739
3.549086
2.518411
2.995130
3.377949
2.687260
3.398657
3.561484
3.417932
3.328624
1.567713
2.392243
1.492899
3.509739
3.412190
3.218968
3.382006
3.381271
3.218503
3.421016
3.418368
3.612107
3.341133
3.389083
3.004712
3.321364
3.606858
3.559207
2.994161
3.219281
3.384047
3.418301
3.233078
2.984703
2.003355
2.402929
3.382332
3.377207
3.216636
2.982960
3.326872
3.371172
3.008380
2.769384
3.216649
2.724537
3.382526
3.517828
3.381298
3.379038
3.373149
3.392480
3.383183
3.198538
1.843627
3.184449
3.016449
2.769056
3.339132
3.579818
2.369662
3.009459
3.378501
2.368963
1.856578
3.217517
2.999978
3.330859
3.403027
3.553894
3.628167
3.513090
3.376905
3.062929
3.539471
3.246247
3.384995
3.084988
3.405424
3.447786
3.384238
3.520024
3.395530
3.525048
3.235002
2.378008
3.323980
3.382789
2.834402
3.384338
2.854232
3.084919
3.425022
3.284676
3.356905
3.425574
3.420971
3.379830
3.389981
3.512975
3.420133
3.411896
2.599898
2.963353
3.128995
2.993503
2.289527
3.461909
2.997269
3.350282
2.321940
3.029271
2.910183
3.396987
3.533904
3.593318
3.431972
3.416707
3.379685
1.427609
2.980737
3.361902
3.000987
3.548074
3.224089
3.362149
2.643335
2.391432
3.217626
3.254106
3.415720
3.226125
2.999485
3.504275
2.998043
1.751218
2.986926
3.098636
1.449010
2.520492
1.513957
1.514320
2.369472
3.162339
3.325871
3.159864
3.510890
3.384891
3.095304
2.985112
3.005373
3.036964
2.309998
2.660905
3.100949
2.991132
3.385163
3.513321
3.133910
2.376048
3.320932
3.505425
3.345386
3.461431
3.470515
3.100112
2.312984
1.586867
3.420879
3.073827
3.380073
2.992094
3.338628
2.999545
3.482468
3.048504
3.110353
2.690188
3.309278
3.352149
2.517718
3.572046
3.477687
2.450446
3.256667
3.296635
3.380987
3.085681
3.004145
3.422570
2.790334
2.997596
3.340883
3.320500
3.092693
2.990411
3.380684
3.419866
2.936168
3.178836
3.386089
3.383530
3.385245
3.295961
3.128705
2.130275
3.165638
3.093701
3.365652
2.996060
3.382877
3.592909
3.355461
3.221387
3.216855
3.332394
3.419883
2.312131
2.999655
3.009880
3.405226
2.621861
3.431364
3.343369
3.086609
1.888524
2.976650
3.414997
3.291919
2.592089
1.564391
2.985973
1.486473
2.958156
3.487728
2.202096
2.988592
2.408209
1.555958
1.518317
3.216263
1.516875
2.375474
2.199537
3.099132
2.987119
3.003330
2.368344
3.060364
2.986085
2.909783
2.555485
3.057479
3.218086
3.420050
3.348389
3.418209
3.108447
3.407733
3.201265
1.660717
3.221671
2.989574
1.517981
1.939464
2.570127
3.304099
2.443510
2.996600
3.383629
3.216806
3.367153
3.385125
3.381842
3.398808
3.598636
2.369283
3.218399
3.220732
2.825518
2.410766
2.989570
3.322151
2.986791
3.211718
1.434583
2.654560
2.158575
2.483042
2.045662
1.564136
2.398876
2.222141
2.977790
2.376645
2.979806
2.980859
3.409646
1.531682
3.002609
1.662148
3.094984
2.228112
3.125525
3.220362
2.489977
2.012853
2.992276
3.379447
3.353142
2.981234
3.161926
3.505138
2.975598
3.502071
2.997514
3.289424
2.926174
3.459996
2.896739
2.997081
3.223577
3.094663
3.351391
3.340132
3.382359
2.852208
3.120610
3.431688
1.681445
3.344671
1.514109
2.840063
3.392496
3.379535
2.340007
3.477209
2.094875
2.256260
3.001270
3.246058
3.585954
3.221443
3.224999
3.306420
2.060340
1.656783
3.225713
2.400497
3.384312
2.987227
3.222354
3.512859
2.369532
3.380291
2.558414
3.217290
3.333377
1.902338
3.358002
2.369612
3.101553
3.384673
3.378113
3.106203
2.996287
2.989089
3.291245
1.874710
2.092285
2.607707
3.403817
3.223463
2.724209
2.835394
1.617080
3.051709
1.566180
3.092927
1.492061
3.001888
3.576954
3.442197
3.397481
3.408189
2.458768
3.316663
2.999064
2.925774
2.693117
3.288551
3.421431
2.367289
2.981815
3.382999
3.378603
2.380960
2.375586
2.383837
2.467090
3.426311
3.420787
3.533145
3.281909
3.344832
3.385272
3.385354
3.319366
3.456172
3.402188
3.012258
3.371656
3.623800
3.366051
3.403659
3.217091
3.627159
2.508702
3.540483
3.623464
3.626823
1.433712
3.484859
3.397898
3.381053
3.470037
3.408954
2.644799
3.294603
3.219110
1.659287
2.094012
2.369792
2.372978
3.496812
3.094010
2.586721
1.608853
2.831095
3.417840
3.364690
2.295498
1.495693
2.400055
1.572057
3.528338
3.327272
3.414894
3.406367
2.255834
3.171412
3.341884
2.968550
1.439661
2.983026
2.995459
2.038755
1.324034
2.788043
2.375503
2.246451
1.598838
1.379013
2.405744
3.386116
2.381944
3.368611
3.103841
2.990471
3.386748
2.994240
2.408940
3.198084
3.195357
3.359897
2.700438
3.405275
3.219338
1.299378
2.043072
3.434254
1.487870
3.550604
2.371115
3.238010
3.377133
3.383654
3.296330
3.614293
3.390700
3.383360
3.222496
3.425482
3.606421
3.394801
3.437196
3.275324
3.088252
3.406914
2.103509
2.391137
3.550351
3.401905
3.382986
2.731411
3.406600
3.243497
3.383156
2.597946
2.233656
3.424035
3.376660
2.995158
2.619909
3.364953
2.698485
2.393274
2.517024
2.163469
3.208537
2.186848
3.333127
2.961754
2.369782
2.255407
2.803862
3.362649
3.418117
2.793608
3.426311
3.354143
2.521186
2.385048
2.082788
3.223122
3.529097
3.218371
2.297630
2.743196
2.399391
3.101395
2.371005
3.595363
2.392464
2.992868
3.046901
3.001034
2.978754
3.430665
1.598480
3.314026
3.153678
2.784442
3.626488
3.259892
2.996661
3.300677
3.249440
3.068699
3.011935
3.087967
3.004232
3.001362
2.628694
3.552375
3.404546
3.426630
3.044016
2.985484
3.251725
3.108126
2.583793
2.995959
2.993749
3.105882
2.985244
3.553641
2.348014
2.369522
3.498724
3.380699
3.481990
3.089855
1.683930
1.596334
2.369712
3.532892
3.432483
3.101773
3.181310
3.386307
3.384347
3.088247
3.432710
2.987037
3.384076
3.379746
1.847081
3.106393
3.258130
2.409853
2.998463
3.009220
3.087932
2.865702
3.084912
3.382762
3.393754
1.961049
1.737871
1.927377
3.411602
3.429358
3.387773
3.004051
3.346662
3.420418
3.095167
3.008258
2.406474
3.322517
3.223349
3.305825
2.386940
3.361649
2.336448
3.126971
3.332586
1.916153
1.483120
2.986145
2.632598
3.384548
3.551869
2.991192
3.453781
1.915289
2.387167
2.407114
3.003899
2.369432
3.070301
1.576146
2.932970
1.484238
2.404283
3.214445
3.396076
2.168362
3.345198
3.411211
3.007411
3.004718
3.410356
2.368784
2.276306
3.236714
2.241333
1.546759
2.798191
2.888643
2.905511
2.397844
3.275690
3.125236
1.733199
1.514939
2.385805
1.877300
1.595977
3.218257
2.487896
2.367995
2.407022
1.933420
1.621014
2.244319
3.385980
3.104997
2.994918
3.269891
2.801744
2.830765
2.189567
2.111280
2.284409
2.993667
1.515811
3.105562
2.999888
2.779859
2.996205
2.843437
3.378359
3.418074
3.001280
1.480885
2.242613
2.052569
2.335262
3.225775
3.246258
1.555703
2.989270
3.508589
3.383367
3.219899
2.231524
2.822222
1.318843
1.537304
1.572824
1.281210
2.814455
2.740249
2.251995
1.506311
1.533215
3.293982
2.994807
2.292512
2.331750
3.233620
3.355807
3.217432
2.790007
2.249010
3.319956
2.815632
1.565924
1.585699
2.375801
1.580235
2.789025
1.826359
2.695069
2.992545
2.385729
2.195004
2.390400
3.228947
2.274600
3.416951
3.221955
3.222211
3.404182
3.011612
3.080879
2.551581
2.774621
3.224889
3.218854
3.224629
3.303128
1.514684
2.416463
2.120777
2.398433
1.865212
3.256915
1.607065
2.988021
3.415241
3.232624
3.220476
2.379370
2.630646
3.384049
3.399628
3.393934
2.482348
3.006996
3.378521
3.363856
3.374949
3.243940
2.669202
3.095501
3.381461
3.335687
3.262520
3.396623
3.452347
2.996120
3.370906
3.545291
1.692628
2.423398
2.660417
3.377813
2.991866
2.343862
2.406931
2.988265
2.551093
3.224971
3.248619
3.384522
2.739922
3.057159
2.487203
1.554425
2.471945
2.779532
1.825496
1.914426
2.138908
3.389591
2.917379
3.100893
3.092419
3.320322
1.538326
2.982780
3.386007
3.007957
3.378249
2.371553
3.373408
2.369183
1.572568
3.030874
3.042413
2.367935
3.088806
1.822043
3.409555
3.381050
2.967350
2.997742
3.431006
3.001917
2.510783
2.413050
3.355144
2.764473
3.003326
3.321868
2.365510
3.095969
3.222666
3.385191
2.993175
2.306160
3.392615
3.381134
2.412410
2.399760
1.981771
1.612430
3.005209
1.612072
3.274317
2.759563
1.947235
2.993422
2.935768
3.354344
3.547062
1.836720
3.002753
2.197179
2.386562
2.995550
2.639431
1.555447
2.984763
3.100660
2.501073
2.528345
2.325779
2.367815
3.568773
3.384809
2.534552
3.356173
2.599410
2.537373
3.347638
2.397623
2.997187
3.356645
3.385054
2.375116
2.397328
3.001528
3.382684
3.378140
3.096203
3.332126
1.633533
3.395943
1.690143
3.386007
2.368484
3.523028
2.896064
1.563880
2.088832
1.890251
1.476414
3.327406
3.440726
2.524395
3.385381
1.574357
3.085612
3.430387
2.965751
1.824633
2.995468
3.364651
1.812545
2.812336
2.428946
2.998362
3.255473
2.378613
1.725556
3.238532
3.222625
1.536282
2.368833
1.549825
2.395780
2.385653
3.004772
1.797004
1.544459
2.786733
2.825282
3.415723
3.224060
2.388000
3.331376
2.194460
1.951552
2.995819
2.412319
2.337931
1.730530
2.713615
1.565669
1.619941
2.982251
3.519908
2.285688
2.191742
1.624949
1.385642
1.322737
1.821179
3.103313
1.917879
3.093161
1.554169
2.367766
3.006682
1.512178
2.657977
1.516137
1.504076
2.985891
2.574519
1.555192
2.379673
3.408462
1.656425
2.927373
2.380203
3.034079
2.989330
2.300189
3.517019
3.422814
2.397254
3.385218
3.273495
3.385408
2.992222
3.436902
3.422996
3.320688
1.578190
3.341218
3.324346
2.201669
3.202628
3.251911
3.011289
3.422168
3.334744
3.425390
2.229391
2.996778
3.295287
3.086582
2.657489
3.358396
3.398080
2.777240
2.737303
2.162925
2.217450
2.382474
2.466397
1.721829
2.328764
3.001948
2.422705
3.140607
1.549570
2.735667
2.338524
3.114249
3.232888
2.253701
3.253375
2.392832
2.998087
2.207640
3.337130
2.984581
3.385299
2.102646
2.419237
1.529044
3.186267
1.464111
2.368304
3.008893
2.979295
3.373286
3.542001
3.349419
3.329102
3.005618
1.689522
1.584970
3.093381
1.740540
1.432840
2.763491
2.647240
2.748106
1.716858
3.041131
1.622803
2.067247
2.560854
1.835857
3.359647
1.671759
1.485076
3.514708
2.779204
3.089651
3.354598
3.218058
2.573543
1.474738
3.392980
3.579409
3.383971
3.385626
3.373884
2.981759
3.180898
2.795899
3.117719
3.216465
3.267276
2.428253
3.514592
3.382550
3.253530
1.655710
3.003817
1.581029
3.204446
3.109473
3.551110
3.382771
2.990638
3.426722
3.254472
3.219907
3.382441
3.432489
3.058762
2.208920
3.320617
2.075881
3.384286
3.535169
2.970948
3.403180
2.793280
2.021487
1.483958
3.106154
2.615028
3.378167
1.748548
3.056838
2.368065
1.638183
3.384837
1.944645
2.979355
2.510089
3.380318
3.004390
2.211052
1.536026
3.449257
2.591601
2.339414
1.663221
1.737203
2.420624
2.368175
3.519561
2.381111
3.359346
3.110201
1.605992
3.418417
3.318342
2.526652
3.393035
3.218229
3.383557
2.686772
2.431027
3.371892
3.159452
2.796881
2.359282
3.403271
3.428562
3.579000
3.429756
1.979180
1.987814
3.009339
3.388684
3.389263
3.110691
3.110780
2.908584
3.375541
2.311704
3.303667
2.996841
1.584094
1.511620
2.774294
2.722573
2.630158
3.222183
3.000947
3.398991
2.939766
3.524184
3.150127
2.995386
3.064531
2.997802
2.805510
3.383262
3.419839
3.508301
3.413661
3.221642
3.524795
2.916979
3.336129
2.957356
3.109912
1.577935
3.223548
1.588764
1.441818
2.991252
2.382701
2.133728
2.992849
3.096266
2.368155
1.625664
2.404556
3.232983
2.265643
2.376267
2.801509
2.481655
1.507149
2.215744
2.834071
2.733375
2.996901
3.098830
1.688901
1.489826
1.552381
2.808570
2.376872
3.073507
1.622445
3.035361
2.395707
3.457606
2.391064
2.999315
3.383911
2.009399
3.254608
1.587305
1.697599
3.400994
2.404009
2.403461
2.659929
2.174343
2.372869
3.165226
3.008318
3.220151
2.557926
2.458075
2.331323
3.388185
3.417472
3.218200
2.116460
3.388382
3.300003
2.369273
3.378382
3.233986
3.083444
2.380127
3.293740
2.619420
2.370347
2.987855
3.218598
2.990557
3.321618
2.144952
3.306786
2.992767
3.307414
3.377554
3.423058
2.531730
2.085378
3.221927
2.396665
2.678963
3.003631
3.277770
3.422081
3.004112
3.085542
2.527780
2.384442
3.220988
2.500380
2.367805
2.689700
2.994158
2.719626
2.752034
2.983517
2.980911
3.327638
2.071564
1.548803
2.465703
3.217261
2.407753
3.232695
1.513003
2.995059
3.512743
3.373157
3.005127
3.222154
1.932557
2.411954
3.084870
2.806216
3.275751
2.986746
2.994649
2.398212
3.401317
2.980977
3.399355
3.408071
3.394710
3.276788
3.398363
3.360043
3.334128
2.988248
2.403917
3.374831
2.979631
2.789679
2.106963
1.912699
3.378027
3.440432
3.540230
3.608608
3.391009
3.086859
1.590078
3.611669
3.435431
3.381869
3.625144
3.364221
3.419129
3.098510
3.005674
3.006601
2.387924
2.367626
2.233230
3.036644
2.791316
3.377841
3.033759
3.383708
2.916579
1.648198
3.236260
3.353246
3.384864
2.368634
3.334589
3.000566
3.217688
1.796141
3.217233
2.757272
2.992685
2.134592
2.756944
3.217062
3.395716
3.447492
3.558954
3.428051
3.382114
3.099352
3.401011
3.518175
3.488684
3.377378
2.237068
3.218684
3.443668
3.605109
3.588409
2.792953
2.100056
3.100371
3.089962
1.719343
3.225113
2.741232
3.378064
3.052992
3.383584
1.995585
3.221187
2.993716
3.232407
3.111332
1.708160
1.491782
2.875148
3.384265
2.988510
2.184130
1.551614
2.275026
2.408849
3.213990
2.388757
1.551359
2.409762
2.289100
3.374476
2.367676
3.411027
3.238078
2.400423
2.991375
2.389060
3.353893
2.928972
3.091408
1.431968
3.624808
3.227625
2.965351
2.081924
3.001588
3.093721
3.223435
1.610284
3.231480
3.390714
3.401814
3.382033
3.369104
3.377242
3.382741
2.935369
2.800155
2.983020
2.988849
3.496334
3.139874
3.432199
3.422781
2.598922
3.391101
3.380154
2.733048
2.412958
2.726828
2.123367
1.484796
2.391358
3.339711
3.358146
3.216778
1.628526
1.535004
1.508267
3.101074
1.528767
2.243892
3.098189
1.552125
2.807158
2.390842
3.257033
3.430210
1.417458
3.510602
3.330931
2.811159
3.519446
1.605634
3.022539
3.370656
3.383498
3.343385
3.002008
3.335879
2.154450
1.658929
3.001525
3.008378
3.459518
2.078471
2.857606
3.098347
2.989991
3.400717
2.170537
3.102106
2.368724
2.928572
1.743877
3.237308
3.218709
3.084971
3.149395
2.401087
3.217679
3.624472
3.428733
3.417779
3.272032
2.983201
3.153265
2.930571
3.403364
3.446315
2.891341
3.108467
2.002492
3.430153
3.342945
2.158032
3.004636
2.368624
2.368115
1.747881
3.089534
3.278251
2.986082
3.380508
3.429585
3.188540
2.689212
3.331297
2.602339
2.604779
3.003736
2.691164
3.127549
3.431517
1.713752
1.943781
2.397107
3.396187
2.153586
2.368434
2.369392
3.265253
3.372907
3.519330
3.009875
3.379566
3.414802
3.183995
3.096437
3.401723
3.227361
2.388681
3.468603
3.426219
2.986205
3.421339
3.379664
2.384972
3.450434
2.449752
3.401267
3.609920
3.641939
3.632198
3.635221
3.395439
2.992695
2.984463
3.229215
3.373410
3.406550
3.598227
3.423457
3.000952
3.459040
2.820810
2.990051
2.422011
3.419774
3.503987
1.695735
3.000625
3.516904
2.679939
2.614540
3.430381
3.541748
1.546503
3.003030
3.049145
2.390327
2.991784
3.216749
3.110573
3.373309
3.313595
3.413367
3.384537
3.330428
3.414526
2.636990
2.081061
3.384918
3.332154
2.295071
3.000206
3.004833
1.491502
3.424280
2.384896
2.480961
3.517712
3.053953
1.992995
2.001629
2.988919
2.369163
2.990929
2.156400
1.803911
1.633176
2.607219
3.379586
3.222553
1.269531
2.149269
3.302030
3.194902
2.413597
3.257620
2.998006
3.352141
3.475775
2.367666
1.873846
2.383761
2.672130
1.820316
2.817279
3.425257
3.095735
3.248985
1.950688
2.728465
1.550336
2.360765
3.191721
2.384366
2.049115
1.701326
1.647841
1.592757
1.985224
3.222866
2.801273
3.348138
2.583304
2.352165
2.753998
3.290572
1.619584
2.383534
1.631387
1.700705
2.369652
3.131018
2.379598
2.368334
1.917016
3.087274
1.484517
3.000543
3.085958
3.000266
2.393053
1.721207
3.224885
2.183586
3.458562
2.994076
2.402192
2.994977
2.982944
2.377478
1.811682
1.543437
3.382904
3.338197
3.494421
2.999331
1.340904
2.999124
3.382920
3.378276
3.120321
3.103533
3.410014
3.383938
2.750397
2.586233
3.413789
3.298006
3.104280
2.376427
1.895431
3.256626
3.473384
3.075430
1.364431
2.585745
2.385578
2.985727
2.808335
2.980771
2.455300
1.444695
2.375235
3.413421
3.086304
3.103959
3.005073
3.379855
3.091757
3.220357
3.167700
3.084919
2.833740
3.221614
3.079597
3.421707
3.085688
3.415078
2.609659
2.263084
2.664810
3.003533
2.357800
1.972273
3.242168
3.508014
1.901475
3.409464
3.414710
2.609171
2.657001
3.263528
1.470583
2.368774
2.190654
3.375423
2.968150
3.405183
2.399981
2.064657
3.107273
1.479767
2.810453
2.969749
3.364457
3.356395
3.224800
2.981122
3.284104
3.223093
3.358368
3.237623
1.485914
3.431608
3.570818
3.376488
2.979543
2.651632
3.085473
2.408757
1.852261
3.432426
2.617956
1.560047
3.281140
2.048252
2.250290
3.048183
3.249716
3.008074
2.357503
2.101782
2.115597
3.331662
2.369063
3.007583
1.984361
2.401013
3.005974
2.976124
2.389211
3.220960
2.265217
2.047389
2.578424
2.055159
3.353643
2.819162
3.194448
2.988609
2.946562
3.411577
2.368664
1.938601
2.349793
2.924575
3.245958
3.349389
2.546401
3.303493
3.323119
2.984499
1.955005
3.311005
2.339117
2.824576
1.571802
3.189449
2.390769
2.403369
3.105073
3.006275
3.222638
3.302396
3.099792
2.732720
2.723882
2.181955
2.084515
2.797863
1.700084
2.984162
2.368424
3.300201
2.670666
2.365213
3.349139
3.032476
2.543016
3.420615
2.309572
2.993416
2.526088
2.400865
3.347388
3.296177
2.114733
2.606731
3.100012
3.384260
3.098058
3.316184
2.369502
2.275879
1.910972
3.217489
2.622837
2.388984
2.881895
3.008678
3.269436
2.731084
2.998103
3.320069
3.364401
3.073186
3.225487
2.400792
2.496219
2.839388
3.410935
3.217660
3.251712
1.960186
3.380869
2.530602
3.230244
2.821987
3.293940
2.865028
1.846218
3.107806
3.357896
3.326175
2.167818
2.389884
3.275077
3.242498
3.222752
2.400350
2.178149
2.167275
3.253167
2.694581
3.404091
2.984222
3.302698
2.494138
3.239896
2.716055
2.943764
3.200811
2.375265
2.982862
2.347124
2.369033
3.155740
1.632818
3.223989
3.220931
1.696977
2.384064
3.222610
2.305734
2.396296
2.837047
2.994895
3.005045
1.716237
2.996696
3.217916
3.152853
2.973347
3.383603
3.376370
3.408098
3.517597
2.803627
3.512615
3.379392
3.090821
3.269105
3.006118
2.781496
2.221715
1.978317
3.007992
2.369742
3.554653
3.002669
2.477493
2.542451
2.471252
1.966229
3.109729
2.403278
2.991293
3.206719
2.415769
3.100232
1.561580
1.580883
1.677388
2.984909
3.379773
1.544203
3.337882
2.333186
2.152723
3.298372
2.404191
1.803048
1.582927
2.370238
2.604291
2.311278
3.409922
3.329624
2.369831
3.060044
3.397187
2.270761
2.827458
2.977702
2.392759
2.316396
2.413506
2.601851
3.223890
2.267349
3.066455
2.159663
3.382657
3.085335
2.369322
2.181411
1.544970
2.106099
3.087621
2.580864
2.389514
1.590661
2.398360
3.097227
2.063793
3.370405
3.281223
3.232118
2.368714
3.380277
3.103551
2.821752
2.275453
2.368324
3.351141
3.277339
2.369492
2.912182
2.595506
2.830434
2.763164
1.520470
3.109693
2.228965
2.470558
1.594188
2.833410
2.077607
3.296543
3.380427
3.425722
2.427559
3.222041
2.990475
3.002069
2.984523
2.148406
3.241633
1.614934
2.734357
2.921776
3.380781
2.984282
1.959322
2.677011
3.137677
3.329374
3.268073
2.761200
3.333492
3.320367
3.007056
2.277585
3.284470
2.787715
2.715567
3.099793
3.004532
3.006519
3.299330
3.406276
3.250082
3.008137
2.386183
2.375938
3.222837
2.871775
3.103753
3.404455
2.757926
3.360648
3.269471
2.887968
3.236546
2.994678
3.000326
1.583948
2.381490
2.368504
2.075017
3.164813
1.965366
2.391579
1.489546
3.348987
3.279349
2.851533
2.924175
3.222268
3.368872
3.264822
2.390105
2.621373
2.990393
2.756617
2.166731
1.705054
3.152441
2.991211
3.378358
3.481512
2.982480
2.201243
3.338381
3.375999
2.812101
3.302024
3.004963
3.003654
3.274404
2.719299
2.785751
1.792593
3.344239
2.530037
3.306740
2.548653
3.403516
3.468125
2.983381
3.230352
3.097769
2.987587
3.387174
3.416643
2.031847
2.985845
1.573846
2.368953
2.550605
2.987948
2.350682
3.091055
3.289592
2.367616
2.369352
2.368105
1.535771
3.404819
2.370128
2.593554
2.377932
1.517487
2.409671
1.526278
1.586575
1.783250
1.511344
3.250448
2.400718
2.827128
2.636502
2.385502
2.411862
1.560558
1.454043
2.087968
3.318127
1.845354
2.268629
2.718972
2.368943
3.425501
2.962953
2.278438
2.990311
2.353945
2.393790
3.008738
2.887293
2.283556
2.984042
2.000765
2.246025
2.389135
2.489283
2.538501
3.106613
3.381624
3.384701
1.992131
2.997069
2.512863
3.104413
2.664321
2.398802
1.476135
2.914580
3.094878
2.367656
2.270335
3.398717
1.553147
1.479488
2.228538
3.221585
3.222417
1.926513
3.380536
2.980797
2.997924
3.086843
1.489267
2.742868
2.999965
2.597458
2.486509
2.368245
2.813513
2.362841
2.950160
2.757599
2.588673
3.424524
2.144089
2.408666
1.548036
2.135455
2.789352
2.681891
1.490664
3.130151
3.311542
3.372657
2.982540
2.654072
3.087611
3.518637
2.961354
2.632110
2.653584
2.825988
2.874474
3.222809
2.974722
2.369023
3.386872
2.792298
3.417748
1.578957
1.971410
3.086235
2.987407
3.394722
2.269908
3.292884
2.454607
3.373189
2.964952
2.421318
2.453913
2.409579
2.407661
2.368145
3.043696
3.197629
2.671642
1.649987
3.224146
2.992514
2.563782
2.236215
2.122504
2.525523
3.448375
2.260952
2.369422
1.563624
1.675511
2.383458
2.982500
3.102356
2.469865
3.259438
2.640895
2.378235
2.376456
2.697997
1.520194
2.676523
2.368414
2.391653
3.390880
2.956956
1.745212
1.894568
2.369821
3.002671
2.279291
2.268202
2.220435
2.240907
2.659441
3.358734
1.598123
2.375390
3.416551
2.432414
1.842764
3.407642
2.728137
3.099572
3.253075
3.248076
2.368933
2.838714
3.091991
3.265346
3.268982
2.644311
2.994568
3.096323
3.223861
2.369233
2.994486
3.221716
3.008811
2.367606
3.006437
2.369312
2.403004
1.474458
3.248531
2.376486
2.452526
3.218915
2.994813
3.263074
2.374818
3.362831
2.811865
2.985758
2.403826
3.061646
3.370155
2.387470
3.087898
2.369672
3.351891
2.200816
3.243652
3.222325
3.007910
2.367835
2.666274
3.410600
2.397033
3.377078
2.975511
2.735339
2.162381
2.996532
2.370018
3.223292
2.997442
3.086970
2.999233
3.064211
2.998163
2.401381
2.984254
2.358689
1.788589
1.699462
3.400903
2.372101
2.350386
2.992755
3.002590
3.242210
2.772657
2.369462
2.569151
3.087077
3.217204
3.403726
2.993235
3.324370
3.346637
3.383130
2.465010
1.707539
2.399907
2.732393
2.368983
3.224772
3.221386
2.738285
2.894040
2.367825
3.422076
2.638943
1.639972
1.426738
1.624591
1.534748
1.581613
1.503796
3.220334
1.448290
1.510781
1.511067
2.944963
3.397533
2.166187
3.324120
2.488590
2.332889
2.989165
2.746142
2.402118
2.988669
2.715079
1.491223
2.280997
2.751707
2.850858
1.473460
2.994197
1.658571
1.920470
2.531166
1.767901
2.505234
2.319808
2.251569
2.960954
2.368294
1.632460
1.929103
2.993340
1.949825
2.357207
1.863485
3.491074
2.974634
2.410675
3.413329
3.376133
3.262619
2.353648
2.411588
1.781916
3.087205
1.525725
3.032156
1.923060
3.221216
1.773240
1.588180
1.831540
2.453220
2.948161
3.001607
2.368614
1.512727
2.395485
3.003209
2.995879
1.670820
3.005946
2.778877
2.386864
2.987446
3.080559
2.380657
2.533423
1.704433
1.331820
1.954142
2.368165
3.004554
2.368364
2.388378
2.504541
2.151859
2.062930
2.330044
3.013874
3.180485
2.387092
3.111453
2.989820
3.235578
3.030553
2.803392
2.382625
3.223065
3.223264
2.411771
3.263095
3.397897
2.384291
2.985304
3.460953
2.805275
2.368474
3.619433
3.308249
3.590863
3.058441
3.379474
3.383203
2.147542
3.522566
3.393215
3.394528
3.557183
3.514361
3.382477
2.611612
3.159039
3.373349
2.396959
2.383382
2.993094
3.248265
1.906655
3.400083
2.998884
3.161514
3.406936
3.379448
2.492057
3.270934
3.087343
1.652133
3.395348
3.385544
2.345938
2.199110
2.537937
2.985435
2.204655
2.990712
2.982850
1.715616
3.113960
3.340633
3.365851
3.472906
1.893704
3.071904
3.373765
2.385880
3.224430
3.126682
2.934969
3.393253
2.389438
2.996961
2.575984
1.521577
1.583364
1.763897
2.986546
3.430608
1.802184
1.488988
1.913562
3.430096
3.001853
1.848808
2.988838
1.477252
3.361899
3.008483
2.252422
3.229421
3.109408
2.934569
3.222623
2.379068
1.961913
3.515055
2.984466
2.017170
2.735012
3.431852
2.440043
3.067737
2.369582
3.217885
3.021578
3.223235
2.030984
2.469171
3.451868
2.377402
2.684332
2.723555
2.396591
1.946371
2.987647
3.122923
3.403635
3.007010
3.225095
3.417380
2.979655
3.219509
3.007088
2.923775
2.842762
3.106833
3.423302
3.006764
3.427483
2.376191
2.368215
1.983497
2.989630
2.383004
2.042208
3.167288
3.384654
3.102653
2.999806
2.918978
2.169993
3.235805
3.367880
3.208082
3.003572
2.773967
3.634885
2.833079
2.977615
2.814219
2.634550
3.405470
2.381414
2.369572
3.298056
2.986986
3.395985
3.516788
3.084877
3.396892
3.009700
3.000026
3.582273
3.627831
3.384564
3.003090
3.012905
2.143225
3.322659
3.400812
3.428960
2.990772
2.983742
3.224260
2.476800
3.636565
3.379952
3.402451
3.469559
1.600627
3.503700
3.312803
3.220563
3.163988
2.819868
1.505193
1.317546
1.515047
1.791926
3.425745
3.409623
3.406823
3.008438
3.365619
3.099504
3.226331
2.951759
3.230450
3.084855
2.725191
3.096907
3.420695
2.011989
3.336902
3.619098
2.730756
1.743210
3.050427
3.155328
2.383080
3.394966
1.600269
3.309435
3.383314
2.853557
2.683844
3.282641
2.161838
3.105864
3.136945
3.267412
2.364027
3.345564
2.369263
1.724935
1.458358
2.190110
3.305323
3.086789
3.247977
2.708246
3.247521
1.645337
3.377909
3.554400
3.224288
2.991130
2.408575
1.540881
3.287763
1.576913
2.387394
2.975072
2.476106
3.221785
1.969683
3.005795
1.608496
2.376010
2.375831
2.983802
3.409867
2.877847
2.595018
3.372589
3.629175
3.218570
3.380182
3.615738
2.545837
3.270800
3.058120
3.590454
3.346829
2.262658
3.103973
1.616722
3.283381
3.383448
3.381488
3.382142
3.416183
2.539066
3.383231
3.110370
3.008729
3.115116
3.088517
1.616365
3.580636
3.174711
3.428959
3.484381
3.404835
1.457639
3.391598
3.308847
1.567458
3.601173
3.376015
3.094799
3.398069
3.417191
3.377977
2.721263
2.394970
3.396432
3.215808
3.428664
3.400630
3.354894
3.383248
3.520948
3.019654
3.329833
3.231686
3.617754
2.828450
3.551616
3.447198
3.223719
3.391705
2.998660
3.241345
2.981297
2.751379
2.938167
3.381162
3.515632
3.352872
3.287877
3.427085
3.154915
3.397442
3.379202
2.996360
2.651144
1.339607
2.345641
3.429165
3.300567
2.665786
2.404465
3.319116
3.384946
2.990147
3.052671
2.393569
3.216717
3.288992
2.369562
3.119453
2.772330
3.280812
3.383577
3.373069
3.530868
3.487249
3.560219
3.350890
3.182632
3.383829
3.596590
3.631862
3.176361
3.357620
3.218542
3.495856
3.265081
3.520832
2.992815
3.222829
3.522450
3.315753
2.795572
3.221262
3.077994
3.221593
3.433960
3.380808
3.003390
3.241713
2.994738
3.414065
3.427312
3.287698
2.828119
3.097480
3.065814
3.455693
3.233254
3.220590
3.006816
3.224402
3.411821
1.481723
3.498246
3.412500
3.481034
3.556171
3.427455
3.396598
3.362392
3.042093
2.805039
3.398626
2.951359
3.380726
3.336880
2.288674
3.045619
2.937767
3.002249
2.059476
2.297204
2.367646
2.399686
3.009099
3.317029
3.219533
2.725846
2.955757
2.975861
3.393162
3.056518
2.977527
2.988909
1.647483
3.023822
2.976300
2.373197
3.094343
2.407570
3.283161
2.343565
3.621785
3.264390
1.616007
3.101817
3.394539
2.914181
2.368604
2.995222
3.416920
2.913781
2.877172
2.832418
3.065493
3.407187
2.404374
3.216607
3.113671
3.061967
2.565734
3.394113
2.577936
1.773908
2.993258
1.580737
3.399363
2.508009
3.436607
2.617468
3.455215
1.905792
2.373526
2.434495
2.368654
2.842087
2.864353
2.996180
2.815396
2.999184
2.210626
3.306066
2.668226
2.380582
3.224373
3.314834
2.988969
2.753671
1.579979
2.355131
1.775242
3.000298
1.490943
3.417656
3.295898
2.342676
3.223975
1.834130
3.345930
2.985645
2.358393
3.221756
2.062066
3.371538
2.342379
2.310851
2.138045
2.726501
2.368704
2.387546
2.697509
3.109623
3.161101
3.393395
2.524959
2.307866
2.193916
2.943364
2.386486
1.687037
2.238348
2.989149
1.471302
3.425851
2.856931
2.819633
3.220903
2.634062
2.330897
3.237020
1.531426
3.009466
3.220561
1.714994
2.982059
3.384708
2.989390
2.662857
1.727420
1.648556
1.584824
1.553914
3.008401
3.221045
2.977176
2.998906
3.431018
2.240480
2.368394
3.410844
3.223036
3.223207
3.410111
1.644264
1.655352
2.412228
1.551103
3.428335
1.651775
3.076712
2.091422
2.972947
1.855715
3.220448
2.387849
2.392169
2.240054
1.956732
3.317911
1.828086
3.027989
2.485122
2.824341
2.991853
1.486193
3.337516
3.220704
3.431347
2.806922
3.377435
3.105733
3.089673
1.815135
2.369153
2.751052
1.900611
3.230965
2.142362
2.235362
1.582343
3.119164
3.234713
2.030121
2.391801
3.429130
3.190358
2.985544
3.384496
1.757891
3.357646
1.744544
3.232098
3.430324
2.061203
3.224743
2.382096
3.332028
1.526002
3.097592
2.785424
3.382604
2.369053
3.273886
1.513833
3.337150
3.036323
1.546248
2.386410
3.220305
1.588618
2.375861
1.713131
2.573055
3.099214
2.580376
3.132753
2.368464
1.369733
1.531171
3.250348
2.817044
2.982780
1.559791
2.702390
2.381868
2.406383
1.711888
3.038887
2.323220
1.549314
2.988183
3.431631
3.424930
2.383231
3.428903
3.383682
3.628839
2.697021
3.384592
2.985905
2.991539
2.808099
2.455994
3.221358
2.978667
2.996746
1.568735
3.401806
3.329124
3.249418
3.307152
3.430631
3.374791
3.422904
3.395210
2.725519
2.368454
3.217318
3.083123
3.359397
2.360469
3.524068
3.380832
2.280570
3.597818
3.384181
3.417195
2.403735
3.383394
3.528844
3.427028
3.372948
3.408890
3.417485
3.393362
3.076392
3.328270
3.380418
3.173474
2.982119
3.224316
3.421247
2.727810
3.377269
3.384837
3.472428
3.407777
3.005734
3.347692
3.341633
2.493444
2.996300
3.381080
3.325443
3.305393
2.367905
1.477811
3.441903
2.568175
3.331125
3.124079
2.663833
3.378264
3.310573
3.000086
3.430892
3.383067
3.501593
3.422720
3.379019
3.556930
3.366416
3.429841
3.385653
3.523606
3.392185
3.599454
2.997862
3.427994
3.419545
3.216579
3.420721
3.400539
3.393344
3.617418
3.370730
3.360929
3.218826
3.379241
3.227567
3.410290
3.387478
3.435136
3.626152
3.385572
3.600736
3.220769
3.546809
3.566545
3.302373
1.919606
3.514246
3.376942
3.609483
3.173062
3.592500
3.352440
3.240205
3.605546
3.293250
3.320117
2.986955
2.984827
2.383988
3.380529
3.333449
2.802215
3.097812
2.985604
3.321795
3.112514
3.575727
3.007337
3.396532
3.312731
3.431290
2.150996
1.870393
3.432938
2.820575
2.335558
3.413237
3.620777
3.345136
3.397775
3.401541
3.575318
3.250814
3.377405
3.415446
3.408735
3.324712
1.314950
2.667738
3.521295
3.262232
3.004292
1.412155
1.456201
1.665367
3.356539
2.389362
2.485816
3.079277
2.993776
2.058613
2.193373
1.982634
2.408027
2.375325
3.365387
3.425989
3.040811
1.524066
2.718496
1.494296
2.367756
1.436327
1.351286
1.276019
1.287699
3.203992
1.769236
3.276044
2.411223
3.005291
2.375712
2.301895
3.454737
3.379964
2.949760
2.739267
3.085265
3.166875
3.246424
3.418661
1.904928
1.739873
3.223947
3.368154
1.545481
2.983435
1.637826
3.379419
2.218729
2.385275
3.578591
3.385074
3.410843
3.410751
3.383066
3.594954
3.419958
2.642847
1.506031
2.730429
3.075110
3.318493
2.704342
2.203375
3.218091
3.219121
3.376251
2.999785
2.995218
2.786406
3.084891
3.393617
2.678475
1.513575
3.430835
3.326622
3.401176
2.830103
3.225084
2.367696
2.987697
1.502958
1.548548
3.051389
1.975727
3.382973
3.183540
2.682380
3.001594
3.413697
3.008017
3.382931
3.091119
2.976563
3.398142
3.361437
3.381436
3.379066
2.565246
2.673595
3.293309
3.525807
3.386570
3.008798
2.982527
3.412408
3.422486
3.631526
3.594545
3.570409
3.403070
2.110416
2.267776
3.189903
3.346387
2.411132
2.377629
2.991553
2.991613
2.374848
3.003691
3.093432
1.669882
1.948962
2.982179
3.404728
3.216436
3.366548
3.108593
3.361205
3.534916
3.121477
3.535928
3.523953
3.299783
3.216948
3.218798
2.991914
3.422628
3.393068
3.432829
3.413973
3.121188
3.384864
3.322227
3.314824
3.548833
3.001648
3.108813
3.382768
2.119914
2.217023
3.412776
1.729905
3.236912
2.245598
2.897414
3.384811
3.432142
3.528084
3.383693
3.424101
3.292877
3.248985
2.768729
2.844786
2.784114
2.011126
3.397807
3.421348
3.325248
3.398535
3.590045
3.380158
2.395633
2.916180
3.359100
2.628205
3.360197
3.255185
3.385844
3.254320
3.444550
3.450140
2.285262
2.998523
2.368404
1.588472
3.114827
2.694093
2.993476
2.406840
3.374831
2.993838
2.988101
3.531627
3.004172
1.593831
1.384316
2.982469
3.006575
2.707758
3.431233
3.098032
2.377327
3.009519
1.516045
2.259246
2.809041
2.985563
2.399170
1.582197
2.811630
2.358096
2.984172
1.537048
3.050107
1.335713
2.577448
3.432369
2.376115
2.975423
2.076744
3.330875
2.981458
2.768402
2.409305
3.552122
3.545038
3.391059
3.390161
3.418669
3.403544
3.330625
2.979941
2.367686
3.327873
3.547821
3.218513
3.261801
2.980333
2.169449
3.424009
3.434842
3.006441
2.988019
3.261710
3.358914
3.548580
2.999561
3.379311
3.325621
2.983441
2.990229
3.305394
3.235815
2.953358
3.404000
3.530615
3.197175
3.127260
3.216550
3.433665
3.216920
3.518521
3.000626
3.376969
3.571636
3.244805
3.219623
3.408371
2.374842
3.465256
3.233848
2.768074
3.381415
3.417288
3.383094
3.380563
3.170175
3.384973
3.382223
3.384916
3.372407
3.217172
2.242186
3.429409
3.272398
2.074154
2.204228
3.381897
3.555412
2.369253
3.348556
2.220009
3.424546
3.337765
3.483903
3.241302
3.009940
3.513206
3.571227
3.402360
3.565027
3.241668
3.391403
3.219679
3.433371
3.277154
3.156565
3.390420
3.521873
2.810924
3.402907
1.377687
2.986464
2.720936
2.355427
2.383685
2.386789
3.292153
2.468477
3.254439
1.729284
3.008647
3.514130
3.421984
3.559966
3.017411
1.652848
2.988008
2.646752
2.509396
3.383258
3.264892
2.646263
3.558701
3.382053
3.258496
3.216294
2.998579
3.178423
3.418577
3.420326
3.354167
3.630518
2.762837
3.564774
3.007236
3.228082
1.562602
1.547525
3.424768
2.369602
2.368055
3.318866
3.382632
3.264437
3.378385
3.467646
2.937367
3.378412
1.422761
1.595619
2.008536
3.257491
2.987707
2.362545
2.950960
3.407551
2.601362
2.946162
3.091289
3.356144
3.464778
3.411672
2.037891
2.744832
2.161294
3.381788
3.408646
3.396896
2.722245
3.258862
3.399834
2.393717
3.224516
3.397716
1.583802
3.287203
3.001689
3.469081
1.884207
1.757224
2.389811
2.999605
1.750550
1.667156
2.978053
3.387646
2.739595
2.957756
2.398728
3.298738
3.285182
2.990606
3.519215
3.094588
2.381793
1.878163
2.825047
1.791259
3.339882
3.308761
2.374878
3.009138
3.408007
1.610999
3.364151
2.390695
3.357188
1.658213
3.027668
3.360398
1.819452
3.415354
2.375280
2.402045
3.383285
3.430494
2.990283
3.312129
3.421615
3.410659
3.303859
3.374489
3.380998
3.480556
3.112225
1.511899
3.304719
3.383857
1.760561
2.631622
3.396805
3.363900
3.367245
3.349890
3.393435
2.980245
3.223859
2.867726
3.221728
2.987364
2.231097
1.592042
3.282275
3.366782
3.008498
3.493943
3.371904
3.085404
3.438372
2.981278
3.543013
3.091137
3.305688
3.103262
2.799827
2.838039
3.180073
2.993995
2.997141
2.709223
2.606243
2.987287
2.392685
3.193993
3.333857
2.099192
2.995795
3.087290
1.829813
1.611715
2.992194
3.007657
3.267619
2.368314
1.974863
2.319381
3.226537
2.375813
2.401824
1.970546
2.827789
3.425428
2.368554
3.374187
3.231830
1.711267
1.851398
3.568364
2.982203
2.984090
3.420127
2.355724
1.472741
3.347027
1.493458
3.102873
3.130729
1.602773
3.358897
3.418024
1.511620
2.368095
2.823164
3.382659
3.380632
1.753887
3.219879
3.226928
2.999905
2.368544
1.706918
1.330523
3.383472
2.126821
1.710645
1.446133
2.408118
1.286401
1.517208
2.712639
1.586429
3.313371
3.005133
3.230100
3.427767
3.423365
3.444256
2.904836
3.387184
2.390990
3.255348
1.531937
1.431096
2.369909
2.871100
2.841412
3.003081
2.979105
3.239327
2.998039
3.078956
1.563369
3.433051
3.418905
3.378031
3.252277
3.084926
3.065172
1.620657
2.024940
2.999244
2.881221
2.686284
2.221288
2.995519
3.380345
1.698841
3.038567
1.910109
3.027348
1.660360
3.430778
2.371443
2.066383
1.787922
1.553658
2.367855
1.680824
3.266179
2.382398
3.229627
2.996721
1.438942
1.629599
1.453324
1.582781
2.806687
1.425412
1.497090
2.375890
1.394921
1.619226
1.676450
2.405470
1.494017
1.503517
1.267800
1.510502
1.641402
1.516649
1.368408
1.502678
1.523236
1.498208
1.661790
1.397573
1.393596
1.777244
1.461954
1.509961
1.438070
1.367082
2.561342
1.408178
1.454763
1.347393
1.495414
1.577679
2.375533
3.429074
3.131886
2.807864
2.406200
1.588035
1.576657
1.515410
1.373710
1.292890
2.982220
2.186305
2.410310
2.098329
1.622088
1.528491
1.514693
1.441099
2.367636
3.096905
2.980136
3.008077
3.008057
3.347888
3.414264
3.366903
3.097869
2.572567
1.652491
2.988068
2.992875
2.998583
1.787255
1.869529
2.375283
2.368085
1.461235
2.375920
3.332877
1.452605
3.286530
2.945763
2.616004
3.570000
2.817985
2.991673
2.425479
1.515531
1.706297
1.568480
1.991268
1.540626
2.173799
1.487590
2.029257
3.222894
2.243466
2.287821
2.325352
3.234351
3.241259
2.381339
2.196635
2.987282
2.341193
2.376570
1.634606
1.541904
2.369342
3.228597
2.384745
2.401971
3.223691
2.690676
2.753343
3.003490
1.564647
2.230671
2.367925
2.024077
1.805638
1.537815
1.712509
1.668944
2.215317
1.990405
2.375146
1.790591
1.338309
1.511414
1.599911
1.515252
2.377100
2.944563
2.367845
3.279714
2.415076
2.360172
2.378538
2.368205
1.538070
1.563113
2.993585
1.977454
3.218081
1.834993
1.515769
2.263511
2.594530
2.407296
1.654994
1.864349
1.554936
2.379900
2.237921
2.206361
2.318955
1.580490
1.628168
1.876436
2.368045
1.866939
2.983353
2.982698
1.517705
1.780581
1.530149
2.214038
2.944164
3.220419
1.904065
1.518605
2.984745
3.448963
3.072866
2.368694
3.301941
3.511752
3.348857
3.430724
3.405130
2.299763
3.432313
1.513231
3.401632
2.983763
2.411497
3.383655
3.249894
3.007116
3.380209
3.492031
3.396676
2.495525
2.979776
2.413141
1.478370
3.581863
3.436313
3.382631
3.129862
3.514015
3.411579
3.006928
2.980497
3.003981
3.551363
3.007828
3.222467
3.260691
3.379583
3.136213
3.544784
3.287266
3.092565
3.546556
1.818589
2.361062
2.990065
2.370566
2.978579
2.369861
3.527831
3.103638
1.794595
3.352892
2.655537
2.822928
3.311908
2.994731
3.010000
2.744505
1.980907
3.169762
2.368873
3.004592
1.513296
2.254554
2.984583
3.004882
3.411119
3.221415
2.121641
2.991253
2.945363
3.350640
2.378992
2.994017
2.848160
3.330199
2.629670
2.374908
3.207628
1.329225
2.368035
2.324926
2.281850
2.985318
2.985236
1.539604
2.870425
3.497768
2.041345
2.364917
2.756290
3.000216
2.368135
3.267642
1.542670
3.030233
3.315200
2.985482
2.992357
1.692007
2.588185
1.586721
1.986951
2.200390
3.395421
2.990720
3.501115
3.370075
3.284245
3.258645
3.365402
2.374699
2.994978
3.390799
3.573273
2.639919
3.380944
3.046581
2.729774
2.394896
2.662369
3.002917
3.004825
3.509452
3.555159
3.381325
3.303236
1.479208
2.368494
3.562750
3.341174
3.340382
3.224715
3.004502
2.345345
3.006355
3.077674
2.633574
2.982064
2.785096
1.759893
3.053633
3.384456
3.388365
3.378123
3.399607
3.021257
3.281178
3.397078
2.326205
2.988990
1.823769
3.368977
3.382736
3.054915
2.713127
1.958459
2.395338
2.400276
3.355894
2.983261
2.856256
2.245172
2.787388
3.382946
2.783132
3.245670
2.759236
2.980557
3.406185
3.096671
3.098925
3.380590
2.995714
3.315566
3.002309
2.986265
2.005082
2.918578
3.169350
2.999008
2.890667
3.312273
2.378841
2.369382
3.110049
2.257540
2.760873
3.099471
3.063890
2.207214
1.507987
2.516331
3.377182
2.753016
1.613503
2.070700
1.581467
1.929967
2.622349
2.282276
3.427488
3.392160
3.384156
3.428677
2.921377
3.340786
3.538459
3.377296
2.616980
2.931371
3.100753
1.854852
3.384233
2.982840
3.388080
3.238750
2.920177
3.380750
3.254838
2.541887
2.998223
1.994722
1.993858
3.110793
3.105293
3.092099
2.981038
3.001227
2.283129
1.702569
2.382550
3.364225
3.561231
3.475296
3.426573
2.799500
3.380644
3.001708
1.937737
2.893366
2.361655
2.975335
2.369702
2.802686
3.233560
3.263618
3.365151
3.318858
2.394159
1.592400
3.001047
3.564521
3.640932
3.594136
3.009996
2.988756
2.987692
2.235789
2.999845
3.367013
1.809955
3.322869
3.008320
3.089384
2.312557
2.987773
2.411680
2.986382
2.210199
3.008979
3.273454
3.123790
2.911782
3.376962
3.392069
3.372357
3.227505
2.498299
2.979719
3.633878
3.464300
3.183086
2.699949
3.175949
3.329996
3.383610
3.384391
2.844111
3.009384
3.395894
3.397989
2.796554
3.396441
3.356895
3.517481
3.440138
2.990884
2.553533
3.292445
3.428370
3.426017
3.251257
3.003751
3.286834
3.244960
3.558448
3.394437
3.424838
3.087828
3.223634
3.365319
3.420427
3.294172
2.247731
3.269138
3.350390
3.422536
2.176518
2.980588
3.389288
3.072545
2.202522
1.571291
3.422444
2.515637
3.219793
3.371660
3.377317
2.832087
2.754653
3.407369
3.528591
3.224271
3.174299
3.381934
3.384758
3.370498
2.345048
3.378548
3.238376
2.939366
2.979618
3.373269
2.369682
3.216351
3.420602
3.259228
3.115984
3.267164
3.424470
3.168937
2.930971
3.556677
3.173887
3.217973
3.294614
3.223833
3.266710
1.936874
2.269482
2.368524
3.330375
3.341383
3.298656
3.398386
3.088481
3.408280
3.408917
2.611124
3.503412
3.146465
3.539218
3.005472
2.089695
3.066134
3.220533
3.307518
1.639614
2.790989
1.590370
3.000134
2.947762
1.909245
3.429301
2.892691
3.046260
3.002429
3.294348
3.124947
2.389737
3.299351
2.988674
3.379229
2.264790
2.997021
3.235290
2.236642
3.346137
2.545273
2.647728
2.368823
3.394293
2.985809
3.191267
2.155857
3.260074
2.418543
3.255204
3.415974
3.265447
3.232169
3.380513
2.780514
2.375027
2.720608
1.782583
2.037028
2.358986
1.763230
3.347138
2.016306
2.985063
3.375196
3.001771
3.471950
2.989083
1.540370
2.218303
3.220874
2.119050
1.664294
2.335855
1.635679
1.776577
1.334416
1.674573
3.405092
1.850535
1.545992
1.516090
1.779914
1.539859
2.367985
1.892841
1.781248
1.696356
2.369103
1.841901
2.363731
1.714373
1.519917
2.982375
2.386032
2.309145
3.451390
1.516598
3.039849
1.653564
3.421592
3.084898
2.997433
2.492751
3.078636
1.816862
2.339710
3.271300
2.791971
3.268528
2.211905
3.089885
2.959755
3.394619
2.034438
3.086512
2.033574
3.522913
3.526313
3.313163
2.998283
3.410198
2.387773
2.983922
2.369692
2.744178
2.773639
3.051068
3.313737
2.832749
1.941191
2.991048
2.375171
2.977965
3.385048
3.467168
2.892016
1.515492
1.517428
1.365756
2.375563
2.394822
1.597765
1.532193
3.429699
2.962553
2.564758
2.442817
2.636014
2.831757
2.433801
2.399097
2.329617
2.860979
3.413881
3.243363
2.028394
3.221159
3.052351
3.307552
2.294645
2.791644
3.225919
1.480605
3.402816
1.891978
2.347717
2.993836
2.992575
2.748761
2.419931
3.266545
3.454259
2.368235
2.057749
1.527385
1.833267
2.817750
1.267584
2.978228
1.268233
1.534237
2.410219
2.040481
2.391727
3.289958
1.749883
1.589202
2.399318
3.308415
2.532859
2.368075
2.373417
3.229812
2.786079
1.786587
2.369173
1.641045
2.983190
3.062608
2.821516
3.223321
3.221799
2.801038
2.296777
3.359466
1.472022
2.407935
2.541323
2.375742
2.794262
2.955357
3.007501
3.008859
2.764146
1.574102
2.433108
3.085205
3.221500
3.154503
2.036164
1.827223
2.321514
3.399540
3.130440
3.252878
3.247887
3.004063
3.376603
3.523144
3.380712
2.718007
3.085889
3.504850
3.483424
2.979836
3.363296
3.266980
2.987374
3.381342
2.998497
3.382468
3.383787
3.329564
2.873799
2.375828
2.097466
3.002999
2.304454
2.818927
3.113382
3.411487
3.384074
3.429983
2.368444
3.249995
2.983862
3.254897
3.163576
3.396920
1.997312
2.999304
2.171624
3.224857
3.014844
3.401449
3.438078
3.359147
3.371156
3.402050
2.624789
3.425134
3.020937
2.202949
3.408644
2.403643
3.103318
2.692629
3.221898
3.510314
3.495378
3.246823
3.431460
3.043375
2.824105
2.819398
1.519641
1.942918
3.093395
3.383884
2.980264
2.388303
2.993514
2.736976
3.045940
3.221102
2.369732
2.369303
2.385956
2.247304
3.261369
2.283982
2.992334
3.241057
3.432096
2.385426
2.826797
2.137182
3.002729
2.589161
2.398139
3.378113
3.087311
3.354710
3.002489
3.373229
3.007296
3.253740
2.387697
3.217404
2.349496
1.654637
3.412132
3.231892
3.530362
3.533651
3.583909
3.516326
3.262886
3.364587
2.994798
3.009673
3.373109
3.420860
3.434548
2.559878
3.350140
3.621113
3.373885
2.986806
3.380227
3.377514
3.000624
3.378717
3.334312
3.158627
3.412798
3.378619
3.383235
3.109334
2.376267
2.253275
3.378489
3.002369
3.107164
2.656513
2.402413
2.539630
3.086141
3.272764
3.259594
1.801321
2.239627
2.388227
2.836716
1.936011
3.228803
3.428921
2.642359
3.412040
2.380506
3.224942
2.304028
3.285856
3.010060
2.781168
3.047863
2.399834
2.172712
3.009399
3.384728
3.380318
3.474818
3.392524
3.084085
2.527216
2.883920
2.974985
3.289898
3.352642
2.995877
3.245382
1.542415
3.229833
2.978491
1.795277
1.568224
3.064852
2.795244
2.554997
3.401562
2.392980
2.992603
2.991899
2.788697
1.599196
2.743850
2.926973
1.996448
2.472639
2.572079
3.118875
2.812572
3.089214
2.972547
1.767234
3.026707
2.164012
3.520717
3.377199
2.380430
3.405639
2.797536
3.543519
3.427699
3.506576
3.406094
3.240768
2.394085
2.800802
2.241760
2.986709
2.208493
3.581454
1.666798
3.009302
2.912582
2.863678
2.457381
2.065520
3.288129
3.175536
3.520486
2.986325
3.031835
3.230656
3.009629
3.378974
3.377791
2.970549
1.942054
2.986136
2.533987
1.817726
3.008919
2.766110
2.366103
3.378146
2.984789
2.014580
3.067416
3.247688
3.003244
2.792626
1.656067
1.605276
2.369243
2.596970
3.230677
2.964552
3.365685
2.981721
2.803156
1.726799
1.887661
2.895390
3.003451
2.907385
2.997678
3.520601
3.076071
2.557438
1.747214
3.257765
3.351641
3.243863
3.001107
2.952959
3.007356
2.380884
2.986300
1.882480
2.375444
2.997502
1.492620
2.361358
2.405013
2.923375
2.020623
2.386107
2.846135
1.682688
3.457128
2.044798
1.521300
2.435188
2.343269
3.222126
2.376278
3.290719
2.920977
3.377623
3.398899
1.724314
3.331876
1.602415
2.346827
1.775910
1.474179
3.403089
2.381036
3.430551
3.299103
2.676035
3.315321
3.008565
2.992935
3.229009
3.290287
3.348124
3.377650
3.056197
3.227793
3.405714
3.406458
2.974546
3.006876
3.336470
3.426687
3.402178
3.446021
3.624136
3.550098
3.537447
3.391239
3.220078
2.404922
3.409836
3.519099
3.513899
3.116851
3.513783
3.439255
3.244595
3.371427
2.981518
2.298483
3.262664
3.396349
3.377541
3.422352
3.104130
3.558195
3.100453
2.769711
3.411088
2.393496
2.986566
3.430949
1.542159
2.440736
3.103093
1.603846
3.085820
3.392676
3.366402
1.841037
2.723227
3.234425
3.003811
2.173255
3.453303
3.102433
3.396258
3.329467
3.243986
3.325371
3.294714
3.361295
3.531374
3.068378
3.377025
3.521179
3.412778
2.972148
3.271296
3.017090
2.981784
3.412316
3.432195
3.596181
3.530109
1.732532
3.383445
1.519088
1.822906
2.661881
2.976826
2.988729
3.633542
3.374357
3.383550
2.925374
2.396517
2.399023
1.305866
3.378303
2.995777
3.429547
3.380917
3.564268
3.373367
3.404737
3.613856
3.426517
3.302804
3.426967
3.524542
3.384456
3.426971
3.574500
2.979716
2.981880
3.383122
3.344886
2.994484
3.002129
2.801979
2.232803
1.800458
2.191198
3.220789
2.603803
1.509384
3.213536
1.668229
2.410584
1.390944
2.582816
1.945508
2.983844
2.007672
2.368993
3.404637
2.863003
3.314150
3.258984
3.357271
3.304225
3.349850
2.608683
3.196720
2.816102
3.109913
2.822693
1.510687
2.645775
3.002180
2.395928
2.649680
3.339632
2.377856
2.386335
1.543181
2.568663
3.318192
3.233987
2.371992
2.409214
3.033438
1.604561
2.369891
1.590224
2.956557
2.445591
2.829773
3.239038
3.221529
3.228079
3.243531
3.085196
3.365154
1.931694
2.988488
2.983271
2.404830
3.027027
2.362248
1.718101
2.585257
2.208067
1.804775
2.412502
2.772002
3.048824
2.409488
2.986873
3.229897
2.988428
2.326632
2.667250
2.388605
2.984342
2.272041
2.997842
3.379256
3.278617
3.421155
3.383209
2.400939
1.547781
2.374729
3.217061
3.090830
2.413232
3.405548
2.164556
2.975774
3.500637
3.020616
2.559390
3.382169
3.342634
3.377677
3.010966
2.540758
3.000461
3.388655
2.976037
3.157390
3.388067
3.085439
1.828950
3.223520
2.409123
3.087545
2.010263
3.384969
3.098692
3.005193
3.256338
3.286665
3.257399
3.013551
3.384680
2.901462
3.503125
2.688724
1.604919
3.139142
3.384374
2.381717
2.080198
2.979456
2.992995
3.587181
3.383013
3.295079
3.276907
3.466212
3.361398
3.007777
3.009056
2.783787
3.602485
3.562497
3.328373
2.988667
3.001408
3.384183
3.361669
3.331723
3.430875
2.368903
3.273861
2.985124
2.782805
2.376307
3.001768
2.668714
3.088244
3.548327
3.334878
3.360740
2.372540
3.276425
3.100673
3.378415
2.840738
2.177605
3.259960
1.703811
3.422812
2.569639
3.217773
2.223420
2.992154
2.499686
2.993176
3.385599
3.216408
3.379093
2.177061
3.009760
3.381352
3.391419
3.394164
3.390341
2.986385
3.270203
2.374788
3.100082
1.614218
2.392095
2.992635
3.638916
2.799173
3.085367
2.376337
3.000867
3.323870
3.304591
3.237169
2.401455
3.553388
3.400448
3.427193
2.770038
3.378957
3.344636
2.985965
3.160689
3.218940
3.216892
2.975949
3.171000
2.983173
3.408660
3.052030
3.163164
3.401893
3.382577
3.375304
3.216721
3.023501
3.001468
3.419037
3.279119
3.432653
2.980069
3.126392
2.991457
3.054594
3.080238
3.001287
3.380454
2.990952
3.292519
1.308462
2.368754
2.995639
3.382060
2.755308
1.521024
3.430040
1.569757
1.606707
3.224914
2.996614
3.332760
2.975160
2.997922
3.388361
3.279793
3.377432
3.224065
3.380100
2.396222
3.286403
3.384483
3.574909
2.248584
3.256711
2.982239
2.987767
2.370457
3.009793
2.369482
1.613861
3.220021
3.437784
3.104419
1.514662
3.628503
3.443374
3.363528
3.381733
3.377323
2.368534
2.984142
3.055877
3.117429
3.006335
3.256050
3.077353
2.388151
2.378159
2.368764
2.475413
2.982299
2.976212
3.057800
2.981338
2.981939
3.145733
2.981877
2.372759
2.998251
3.112293
3.007176
3.199447
1.718722
3.059723
2.995304
1.830676
2.396886
3.128416
3.096034
3.406732
3.427937
3.396714
3.541495
3.382387
3.326372
2.994497
3.518059
3.372124
3.384154
3.597409
3.445727
3.617082
3.565786
3.419250
3.609045
2.765783
3.383944
3.259642
3.005794
3.414434
2.146679
2.998415
3.111973
3.101527
2.396444
3.255570
3.010120
2.997105
3.379909
3.395074
3.521526
3.383721
3.228185
3.446904
3.381134
3.084933
3.379882
3.384732
3.295467
3.380124
3.383966
3.304957
3.441608
2.397549
3.241922
2.397770
2.556950
3.423825
1.571546
3.006846
2.369013
3.135480
2.706294
3.219765
3.400096
3.520370
3.476731
3.373733
3.008558
2.873124
1.872983
3.273730
3.292014
3.360972
2.157488
2.886618
3.355030
3.219739
2.996240
3.519792
3.143536
2.390032
3.278634
3.104708
3.399537
3.402269
2.998944
3.266548
3.375697
3.369569
3.427880
3.611232
3.634549
3.414838
2.990832
3.386927
2.180867
3.251437
3.240804
3.003150
2.460849
1.421435
3.009820
3.074789
3.251180
2.368594
3.382795
2.402487
1.844491
2.705806
3.266117
2.392022
3.224032
2.707270
2.368923
2.985664
3.293616
2.369332
2.867052
1.475855
3.395455
3.226743
2.760545
3.225056
3.225198
3.361661
3.405718
3.319867
2.983501
1.556214
3.006028
2.985364
2.987467
3.382868
3.381516
3.104633
3.240571
3.216692
3.279928
2.369512
3.092275
3.377568
3.384706
3.400721
3.377759
3.391891
3.378439
3.430429
3.366152
3.374712
3.218342
3.378194
2.966951
3.303372
3.522335
3.328004
3.113093
3.217034
3.220049
3.377160
3.363650
3.006034
1.899748
1.728663
2.985785
2.299336
1.584678
2.369412
3.310142
2.022350
3.369405
2.013716
2.991313
3.000707
2.375354
2.762509
3.367903
3.224345
2.464316
2.984417
1.516500
2.371882
2.301469
3.488206
3.238741
2.640407
3.576545
3.262165
2.631134
3.486771
3.394245
1.934284
1.607780
3.417440
3.002910
3.296908
2.883245
2.860305
3.000386
3.443962
3.410475
2.986025
3.317519
3.385681
1.898885
3.379330
3.415539
3.321368
1.799594
3.115695
3.218911
3.439843
3.378739
3.490596
2.397181
3.389442
2.374074
1.720586
3.514477
1.683309
2.995279
3.005854
3.284836
3.384831
3.090541
3.006764
2.981385
1.614576
3.424252
1.617438
2.051706
1.309760
2.980256
3.222171
2.203802
3.432597
3.223035
2.990966
3.263959
3.398444
2.478880
3.036002
3.116562
2.209773
2.370676
2.983681
2.369772
2.333483
2.382020
3.006395
3.107493
3.382894
2.991974
3.202174
1.657856
3.028950
1.649629
3.210355
3.200356
3.431915
3.506863
3.037605
2.413415
3.302762
1.435455
1.810818
2.665298
1.999902
3.559713
2.802921
2.369043
3.382183
1.898021
1.551870
1.590516
2.410127
1.593473
1.883344
3.367942
3.419682
2.804333
3.086720
3.008198
3.254032
3.282950
2.745814
2.369552
2.979017
3.339492
3.372988
3.384785
2.990532
2.767092
3.086649
3.545797
2.936968
3.383918
3.007717
2.876498
3.006273
1.575379
2.995453
3.276056
3.219736
3.118586
3.022219
2.747124
3.333017
2.544708
3.382408
3.344386
2.983081
3.006635
2.086241
3.394346
3.120032
2.845461
3.375896
3.218655
3.432881
2.180324
1.749216
3.035041
3.315932
2.653096
1.889387
3.310810
2.982600
3.366652
1.599553
3.218029
3.371406
3.390126
3.006094
3.084884
3.335629
2.995939
2.984823
2.373088
2.775276
2.980157
3.479121
3.379501
2.878522
3.485815
2.389287
2.258819
1.572313
2.212758
2.835063
2.618932
1.585554
1.660002
2.366993
1.519364
1.903202
1.615649
2.846810
3.353392
1.587159
3.005494
2.987937
2.378916
3.324385
3.532639
2.980508
3.411948
3.355644
3.383813
3.274749
2.305307
2.367726
3.110490
3.373054
3.219253
3.406447
3.383288
2.740904
3.131597
3.463821
3.224601
3.373292
2.393201
2.375295
2.401750
2.503847
3.381924
3.244440
3.257166
2.996423
3.111011
2.159119
2.663345
1.480326
2.379295
1.611357
2.598434
3.086166
1.515216
2.902812
3.268706
1.908382
2.977439
2.015443
2.932570
2.395264
3.471471
3.404493
3.082162
2.990892
2.998333
3.288561
2.981819
2.393422
2.780841
2.938967
3.078315
2.548094
3.527578
3.269837
3.427944
3.512328
3.386225
2.745487
2.804804
2.783460
2.990231
3.257203
3.409373
2.404100
2.995699
3.010039
3.099792
1.964503
2.889992
2.374759
3.069019
2.393643
3.380040
3.384023
3.216835
3.158214
3.534663
3.409542
3.536434
1.736536
2.670178
2.087105
2.997622
3.082803
2.383307
1.858305
2.699461
2.999152
3.228658
3.069981
2.732066
2.989492
3.219480
2.742541
3.111673
1.710024
3.399852
3.219082
3.004309
3.222524
2.581352
3.290324
3.413145
3.555918
3.383852
3.416459
2.627229
2.603315
2.165100
2.758908
2.911382
3.383612
3.428505
2.991703
3.097548
3.322882
1.346095
3.002886
2.395412
1.600984
3.368246
2.627717
1.522406
3.307883
3.093060
2.392390
2.612588
2.989810
3.363993
2.696533
2.554509
3.328874
2.290806
1.557236
1.911836
2.100919
2.998643
2.989636
2.260525
1.974000
2.574031
1.575890
2.351869
2.023214
2.224700
2.999725
1.752552
1.618153
1.493179
2.374829
2.590137
2.635526
3.425298
3.396304
3.344467
3.395803
2.292086
2.995579
3.266910
2.770366
3.433077
3.338881
3.374099
2.394011
3.114538
3.357395
3.105241
3.260937
3.275612
3.007255
3.280467
2.390253
2.394454
3.345887
2.998824
2.776913
3.009580
2.624301
2.643823
3.098252
2.398286
2.519799
2.183042
2.560366
2.747779
3.518406
2.802450
2.784769
2.313837
2.376248
3.093143
2.405287
3.426234
2.701902
3.004893
3.000686
3.641603
3.242034
3.566292
3.018372
2.805981
3.549845
3.337334
3.427426
3.563256
3.428278
3.382710
3.411307
3.297625
3.382879
3.219850
3.382644
3.304962
3.237278
2.940965
2.997201
3.148663
3.217176
2.982126
3.384443
3.087136
3.107310
3.381781
3.540989
3.421604
3.122634
3.164401
3.342513
3.178011
3.385436
3.381189
3.385664
3.372270
3.397351
3.550857
2.994257
2.980617
3.024783
3.185813
3.360563
3.340077
3.220191
3.402725
3.429017
3.637237
3.618762
3.567955
3.448081
