ACCEDEfeaturesArousal_TAC2015.txt
0 1
1 1
2 3
3 1
4 1
5 1
6 1
7 3
8 0
9 0
10 0
11 5
12 1
13 3
14 2
15 3
16 3
17 2
18 7
19 2
20 1
21 2
22 14
23 1
24 5
25 8
26 3
27 0
28 1
29 0
30 1
31 2
32 1
33 2
34 1
35 1
36 0
37 0
38 0
39 0
40 10
41 0
42 2
43 2
44 1
45 4
46 0
47 1
48 3
49 0
50 2
51 0
52 2
53 4
54 3
55 4
56 6
57 2
58 2
59 2
60 6
61 2
62 4
63 2
64 2
65 1
66 1
67 1
68 2
69 1
70 2
71 1
72 0
73 0
74 0
75 0
76 0
77 1
78 1
79 2
80 3
81 1
82 0
83 0
84 2
85 2
86 4
87 0
88 4
89 1
90 4
91 2
92 3
93 5
94 6
95 2
96 4
97 12
98 0
99 0
100 0
101 2
102 0
103 3
104 7
105 7
106 2
107 3
108 2
109 2
110 3
111 3
112 0
113 4
114 1
115 1
116 1
117 1
118 1
119 2
120 1
121 3
122 1
123 1
124 2
125 2
126 0
127 1
128 0
129 2
130 8
131 9
132 8
133 5
134 1
135 0
136 0
137 1
138 0
139 0
140 4
141 4
142 4
143 0
144 1
145 0
146 0
147 1
148 0
149 0
150 0
151 0
152 1
153 0
154 0
155 1
156 0
157 1
158 0
159 1
160 0
161 1
162 1
163 1
164 0
165 0
166 1
167 0
168 0
169 0
170 1
171 1
172 0
173 1
174 0
175 0
176 0
177 0
178 0
179 1
180 2
181 1
182 2
183 3
184 2
185 1
186 1
187 2
188 2
189 1
190 1
191 1
192 1
193 1
194 3
195 2
196 1
197 1
198 1
199 1
200 1
201 0
202 0
203 0
204 1
205 1
206 0
207 1
208 1
209 0
210 2
211 1
212 3
213 0
214 1
215 1
216 1
217 1
218 0
219 1
220 0
221 1
222 1
223 2
224 1
225 1
226 0
227 2
228 0
229 0
230 0
231 1
232 0
233 0
234 2
235 1
236 2
237 0
238 0
239 1
240 0
241 0
242 1
243 0
244 0
245 0
246 1
247 0
248 1
249 1
250 0
251 0
252 0
253 1
254 0
255 0
256 0
257 1
258 0
259 0
260 0
261 0
262 0
263 2
264 0
265 1
266 1
267 1
268 1
269 1
270 1
271 2
272 0
273 0
274 1
275 1
276 1
277 0
278 1
279 1
280 1
281 1
282 1
283 2
284 2
285 0
286 2
287 1
288 0
289 2
290 0
291 0
292 0
293 1
294 2
295 2
296 0
297 1
298 1
299 1
300 0
301 1
302 1
303 2
304 1
305 1
306 1
307 0
308 1
309 2
310 1
311 1
312 0
313 1
314 1
315 0
316 2
317 4
318 3
319 3
320 3
321 3
322 0
323 2
324 2
325 2
326 2
327 1
328 2
329 1
330 1
331 2
332 1
333 0
334 4
335 1
336 1
337 0
338 0
339 3
340 1
341 1
342 0
343 1
344 0
345 0
346 0
347 1
348 0
349 1
350 2
351 3
352 2
353 3
354 2
355 1
356 0
357 3
358 2
359 3
360 2
361 0
362 3
363 1
364 4
365 0
366 0
367 0
368 1
369 2
370 0
371 0
372 0
373 0
374 0
375 0
376 1
377 0
378 1
379 2
380 0
381 0
382 0
383 3
384 3
385 0
386 1
387 3
388 1
389 3
390 2
391 2
392 0
393 0
394 0
395 3
396 2
397 0
398 2
399 0
400 2
401 0
402 1
403 1
404 2
405 1
406 0
407 0
408 2
409 0
410 2
411 2
412 4
413 1
414 3
415 0
416 2
417 0
418 0
419 0
420 3
421 3
422 1
423 1
424 5
425 1
426 2
427 0
428 3
429 3
430 0
431 3
432 3
433 1
434 4
435 4
436 2
437 2
438 2
439 3
440 0
441 3
442 2
443 0
444 1
445 0
446 1
447 1
448 0
449 1
450 0
451 1
452 1
453 1
454 0
455 1
456 0
457 1
458 0
459 1
460 0
461 0
462 0
463 0
464 0
465 0
466 0
467 0
468 0
469 0
470 1
471 3
472 0
473 0
474 0
475 0
476 0
477 1
478 1
479 2
480 0
481 0
482 0
483 0
484 0
485 0
486 0
487 0
488 3
489 0
490 3
491 4
492 3
493 1
494 1
495 2
496 2
497 2
498 2
499 2
500 1
501 0
502 0
503 6
504 0
505 1
506 1
507 1
508 0
509 0
510 6
511 4
512 5
513 3
514 3
515 1
516 0
517 0
518 0
519 3
520 1
521 1
522 1
523 2
524 3
525 0
526 0
527 1
528 0
529 1
530 1
531 0
532 0
533 0
534 0
535 0
536 0
537 0
538 0
539 0
540 0
541 1
542 0
543 0
544 6
545 1
546 0
547 0
548 0
549 0
550 0
551 3
552 5
553 3
554 0
555 0
556 1
557 3
558 1
559 0
560 1
561 1
562 1
563 2
564 0
565 0
566 0
567 0
568 0
569 1
570 1
571 1
572 0
573 1
574 0
575 0
576 0
577 0
578 0
579 0
580 3
581 0
582 0
583 0
584 0
585 0
586 0
587 0
588 0
589 0
590 4
591 0
592 1
593 0
594 0
595 0
596 1
597 0
598 1
599 4
600 1
601 0
602 1
603 2
604 1
605 2
606 0
607 1
608 2
609 1
610 1
611 2
612 2
613 0
614 1
615 1
616 0
617 0
618 1
619 0
620 0
621 0
622 0
623 1
624 1
625 3
626 3
627 0
628 2
629 0
630 0
631 0
632 2
633 2
634 0
635 0
636 1
637 1
638 1
639 0
640 0
641 1
642 1
643 1
644 1
645 1
646 1
647 1
648 0
649 0
650 0
651 0
652 1
653 3
654 0
655 0
656 1
657 1
658 0
659 0
660 0
661 2
662 0
663 1
664 0
665 0
666 0
667 0
668 0
669 0
670 0
671 3
672 6
673 0
674 1
675 0
676 0
677 1
678 1
679 0
680 0
681 0
682 1
683 0
684 0
685 1
686 0
687 3
688 2
689 3
690 3
691 2
692 1
693 3
694 3
695 1
696 3
697 5
698 3
699 1
700 2
701 2
702 3
703 4
704 4
705 2
706 1
707 3
708 2
709 0
710 1
711 2
712 3
713 3
714 3
715 1
716 2
717 5
718 1
719 0
720 0
721 2
722 0
723 0
724 1
725 0
726 0
727 2
728 3
729 3
730 1
731 0
732 1
733 4
734 0
735 4
736 1
737 0
738 1
739 2
740 3
741 1
742 3
743 1
744 2
745 2
746 0
747 0
748 0
749 0
750 1
751 1
752 0
753 0
754 2
755 0
756 2
757 0
758 0
759 0
760 2
761 0
762 2
763 0
764 1
765 1
766 1
767 0
768 0
769 1
770 0
771 0
772 0
773 0
774 0
775 1
776 2
777 0
778 1
779 1
780 2
781 0
782 0
783 0
784 2
785 2
786 0
787 4
788 2
789 1
790 3
791 0
792 0
793 0
794 1
795 1
796 1
797 0
798 2
799 2
800 2
801 3
802 0
803 1
804 1
805 4
806 3
807 3
808 1
809 3
810 2
811 2
812 1
813 1
814 1
815 0
816 1
817 1
818 1
819 0
820 0
821 0
822 0
823 0
824 0
825 0
826 3
827 0
828 1
829 0
830 1
831 0
832 0
833 2
834 0
835 0
836 1
837 2
838 0
839 0
840 2
841 4
842 3
843 1
844 1
845 2
846 1
847 2
848 2
849 1
850 2
851 0
852 0
853 1
854 1
855 1
856 0
857 12
858 2
859 0
860 0
861 0
862 3
863 0
864 2
865 2
866 1
867 1
868 1
869 2
870 0
871 0
872 0
873 13
874 2
875 4
876 6
877 0
878 1
879 0
880 2
881 1
882 0
883 0
884 1
885 0
886 0
887 1
888 1
889 0
890 2
891 1
892 0
893 1
894 0
895 0
896 2
897 0
898 1
899 2
900 1
901 2
902 0
903 0
904 2
905 2
906 2
907 1
908 1
909 2
910 2
911 0
912 4
913 2
914 3
915 0
916 0
917 3
918 7
919 0
920 0
921 2
922 1
923 2
924 1
925 4
926 1
927 2
928 5
929 0
930 0
931 1
932 2
933 1
934 2
935 1
936 2
937 1
938 0
939 1
940 0
941 2
942 1
943 2
944 1
945 4
946 0
947 2
948 1
949 0
950 3
951 2
952 3
953 3
954 1
955 1
956 0
957 0
958 0
959 0
960 2
961 1
962 0
963 0
964 0
965 0
966 0
967 1
968 0
969 0
970 2
971 1
972 3
973 1
974 2
975 1
976 1
977 1
978 1
979 2
980 1
981 0
982 0
983 1
984 0
985 2
986 5
987 6
988 1
989 0
990 0
991 1
992 1
993 1
994 2
995 4
996 2
997 1
998 0
999 2
1000 3
1001 2
1002 0
1003 2
1004 4
1005 0
1006 0
1007 1
1008 5
1009 0
1010 1
1011 1
1012 0
1013 3
1014 0
1015 0
1016 0
1017 0
1018 2
1019 2
1020 2
1021 0
1022 1
1023 1
1024 0
1025 1
1026 1
1027 1
1028 1
1029 4
1030 3
1031 11
1032 6
1033 7
1034 9
1035 3
1036 4
1037 3
1038 3
1039 0
1040 3
1041 2
1042 1
1043 1
1044 1
1045 2
1046 3
1047 2
1048 1
1049 2
1050 4
1051 1
1052 2
1053 3
1054 1
1055 0
1056 4
1057 4
1058 3
1059 3
1060 1
1061 3
1062 2
1063 2
1064 2
1065 2
1066 2
1067 2
1068 1
1069 1
1070 1
1071 3
1072 3
1073 2
1074 7
1075 4
1076 4
1077 7
1078 9
1079 1
1080 0
1081 7
1082 8
1083 3
1084 4
1085 4
1086 9
1087 6
1088 8
1089 12
1090 8
1091 2
1092 2
1093 3
1094 6
1095 1
1096 1
1097 2
1098 2
1099 1
1100 1
1101 1
1102 1
1103 1
1104 2
1105 2
1106 2
1107 2
1108 0
1109 0
1110 2
1111 0
1112 2
1113 1
1114 1
1115 3
1116 2
1117 3
1118 0
1119 1
1120 1
1121 3
1122 3
1123 3
1124 1
1125 2
1126 1
1127 1
1128 4
1129 2
1130 3
1131 3
1132 5
1133 5
1134 3
1135 2
1136 3
1137 1
1138 0
1139 1
1140 0
1141 3
1142 2
1143 4
1144 3
1145 2
1146 2
1147 5
1148 1
1149 0
1150 1
1151 2
1152 1
1153 1
1154 2
1155 1
1156 3
1157 0
1158 1
1159 1
1160 5
1161 1
1162 1
1163 2
1164 3
1165 2
1166 0
1167 2
1168 2
1169 4
1170 4
1171 1
1172 7
1173 1
1174 3
1175 1
1176 1
1177 1
1178 1
1179 1
1180 1
1181 2
1182 3
1183 2
1184 3
1185 4
1186 3
1187 1
1188 4
1189 2
1190 4
1191 2
1192 5
1193 3
1194 6
1195 3
1196 5
1197 1
1198 2
1199 2
1200 3
1201 1
1202 3
1203 2
1204 5
1205 3
1206 2
1207 9
1208 2
1209 2
1210 3
1211 4
1212 1
1213 4
1214 0
1215 4
1216 4
1217 5
1218 6
1219 1
1220 3
1221 2
1222 2
1223 3
1224 0
1225 2
1226 1
1227 4
1228 2
1229 1
1230 1
1231 2
1232 1
1233 1
1234 2
1235 2
1236 2
1237 3
1238 0
1239 1
1240 1
1241 2
1242 1
1243 1
1244 1
1245 1
1246 0
1247 2
1248 2
1249 0
1250 1
1251 1
1252 2
1253 1
1254 3
1255 0
1256 1
1257 1
1258 0
1259 0
1260 2
1261 3
1262 3
1263 2
1264 1
1265 2
1266 0
1267 0
1268 0
1269 2
1270 2
1271 2
1272 0
1273 2
1274 3
1275 4
1276 12
1277 2
1278 3
1279 5
1280 1
1281 2
1282 3
1283 4
1284 0
1285 3
1286 2
1287 5
1288 7
1289 2
1290 0
1291 1
1292 6
1293 11
1294 3
1295 1
1296 0
1297 2
1298 2
1299 6
1300 3
1301 1
1302 2
1303 2
1304 0
1305 2
1306 2
1307 0
1308 1
1309 2
1310 2
1311 1
1312 4
1313 0
1314 2
1315 1
1316 2
1317 4
1318 1
1319 0
1320 1
1321 1
1322 2
1323 2
1324 0
1325 2
1326 2
1327 4
1328 3
1329 3
1330 1
1331 0
1332 2
1333 1
1334 4
1335 1
1336 1
1337 4
1338 0
1339 0
1340 3
1341 0
1342 0
1343 2
1344 5
1345 3
1346 2
1347 5
1348 4
1349 3
1350 1
1351 3
1352 1
1353 3
1354 6
1355 1
1356 3
1357 0
1358 2
1359 4
1360 1
1361 0
1362 2
1363 0
1364 0
1365 1
1366 1
1367 5
1368 3
1369 5
1370 6
1371 4
1372 1
1373 1
1374 1
1375 1
1376 3
1377 3
1378 2
1379 3
1380 2
1381 1
1382 1
1383 3
1384 0
1385 2
1386 1
1387 2
1388 0
1389 1
1390 1
1391 2
1392 0
1393 2
1394 1
1395 2
1396 1
1397 3
1398 2
1399 2
1400 1
1401 2
1402 2
1403 3
1404 4
1405 1
1406 1
1407 0
1408 1
1409 0
1410 0
1411 0
1412 0
1413 0
1414 1
1415 1
1416 0
1417 1
1418 1
1419 1
1420 0
1421 0
1422 1
1423 1
1424 1
1425 1
1426 1
1427 0
1428 2
1429 0
1430 1
1431 0
1432 0
1433 0
1434 1
1435 1
1436 2
1437 2
1438 1
1439 1
1440 1
1441 1
1442 1
1443 1
1444 0
1445 1
1446 0
1447 1
1448 1
1449 0
1450 1
1451 0
1452 0
1453 1
1454 1
1455 0
1456 0
1457 0
1458 0
1459 1
1460 0
1461 0
1462 1
1463 1
1464 1
1465 0
1466 1
1467 1
1468 0
1469 1
1470 0
1471 0
1472 0
1473 0
1474 0
1475 0
1476 0
1477 0
1478 1
1479 1
1480 2
1481 1
1482 0
1483 0
1484 0
1485 0
1486 2
1487 0
1488 0
1489 1
1490 0
1491 0
1492 0
1493 0
1494 2
1495 2
1496 0
1497 2
1498 0
1499 1
1500 0
1501 0
1502 0
1503 1
1504 1
1505 1
1506 0
1507 0
1508 1
1509 0
1510 1
1511 0
1512 0
1513 0
1514 0
1515 0
1516 1
1517 0
1518 1
1519 1
1520 1
1521 1
1522 1
1523 0
1524 0
1525 1
1526 0
1527 0
1528 0
1529 1
1530 0
1531 0
1532 0
1533 0
1534 0
1535 0
1536 0
1537 0
1538 1
1539 0
1540 0
1541 1
1542 1
1543 0
1544 0
1545 1
1546 1
1547 0
1548 1
1549 1
1550 0
1551 1
1552 1
1553 1
1554 0
1555 0
1556 1
1557 0
1558 0
1559 0
1560 1
1561 0
1562 1
1563 1
1564 1
1565 2
1566 2
1567 0
1568 0
1569 1
1570 2
1571 2
1572 2
1573 4
1574 2
1575 0
1576 5
1577 1
1578 0
1579 2
1580 0
1581 0
1582 1
1583 0
1584 2
1585 0
1586 0
1587 2
1588 1
1589 1
1590 2
1591 2
1592 2
1593 2
1594 2
1595 2
1596 3
1597 3
1598 1
1599 0
1600 1
1601 1
1602 0
1603 1
1604 1
1605 1
1606 0
1607 3
1608 2
1609 1
1610 1
1611 4
1612 3
1613 0
1614 1
1615 4
1616 1
1617 1
1618 14
1619 0
1620 1
1621 0
1622 2
1623 1
1624 0
1625 0
1626 0
1627 1
1628 3
1629 0
1630 0
1631 2
1632 2
1633 1
1634 3
1635 4
1636 0
1637 2
1638 3
1639 0
1640 1
1641 0
1642 2
1643 0
1644 3
1645 3
1646 2
1647 3
1648 7
1649 8
1650 2
1651 1
1652 2
1653 5
1654 4
1655 2
1656 3
1657 0
1658 1
1659 2
1660 2
1661 1
1662 0
1663 2
1664 1
1665 0
1666 0
1667 0
1668 2
1669 0
1670 0
1671 0
1672 2
1673 1
1674 0
1675 1
1676 1
1677 1
1678 3
1679 0
1680 1
1681 1
1682 0
1683 1
1684 0
1685 0
1686 0
1687 2
1688 1
1689 2
1690 1
1691 0
1692 1
1693 1
1694 1
1695 0
1696 1
1697 1
1698 1
1699 2
1700 1
1701 1
1702 0
1703 0
1704 1
1705 2
1706 1
1707 2
1708 1
1709 0
1710 0
1711 0
1712 1
1713 1
1714 0
1715 1
1716 2
1717 0
1718 0
1719 2
1720 2
1721 7
1722 1
1723 0
1724 1
1725 1
1726 0
1727 2
1728 3
1729 0
1730 0
1731 1
1732 0
1733 0
1734 0
1735 1
1736 0
1737 0
1738 0
1739 0
1740 0
1741 0
1742 2
1743 2
1744 0
1745 3
1746 6
1747 5
1748 2
1749 1
1750 0
1751 4
1752 2
1753 1
1754 2
1755 3
1756 3
1757 1
1758 3
1759 2
1760 2
1761 4
1762 3
1763 1
1764 1
1765 1
1766 1
1767 2
1768 1
1769 2
1770 2
1771 3
1772 0
1773 1
1774 1
1775 2
1776 1
1777 2
1778 2
1779 2
1780 4
1781 1
1782 1
1783 2
1784 0
1785 3
1786 0
1787 0
1788 0
1789 0
1790 3
1791 0
1792 3
1793 2
1794 2
1795 1
1796 1
1797 0
1798 4
1799 2
1800 2
1801 1
1802 1
1803 0
1804 5
1805 5
1806 1
1807 1
1808 0
1809 1
1810 0
1811 8
1812 1
1813 0
1814 2
1815 2
1816 0
1817 0
1818 4
1819 1
1820 1
1821 2
1822 1
1823 0
1824 1
1825 1
1826 1
1827 0
1828 4
1829 1
1830 1
1831 2
1832 1
1833 3
1834 1
1835 0
1836 1
1837 3
1838 4
1839 3
1840 2
1841 1
1842 0
1843 3
1844 5
1845 0
1846 0
1847 4
1848 3
1849 1
1850 1
1851 1
1852 1
1853 1
1854 1
1855 1
1856 0
1857 2
1858 0
1859 1
1860 0
1861 1
1862 2
1863 0
1864 0
1865 2
1866 3
1867 1
1868 2
1869 2
1870 1
1871 1
1872 1
1873 3
1874 1
1875 0
1876 2
1877 1
1878 1
1879 2
1880 1
1881 1
1882 2
1883 1
1884 1
1885 1
1886 1
1887 1
1888 1
1889 0
1890 2
1891 2
1892 2
1893 1
1894 1
1895 2
1896 0
1897 1
1898 1
1899 1
1900 1
1901 1
1902 1
1903 0
1904 1
1905 2
1906 1
1907 0
1908 1
1909 0
1910 2
1911 0
1912 0
1913 4
1914 6
1915 12
1916 6
1917 5
1918 18
1919 18
1920 7
1921 15
1922 4
1923 3
1924 6
1925 8
1926 2
1927 10
1928 8
1929 10
1930 1
1931 1
1932 4
1933 4
1934 11
1935 3
1936 4
1937 5
1938 4
1939 11
1940 14
1941 15
1942 14
1943 14
1944 8
1945 2
1946 9
1947 13
1948 13
1949 8
1950 1
1951 3
1952 5
1953 0
1954 5
1955 2
1956 12
1957 4
1958 4
1959 4
1960 6
1961 4
1962 2
1963 1
1964 6
1965 11
1966 1
1967 8
1968 0
1969 0
1970 0
1971 1
1972 0
1973 0
1974 0
1975 1
1976 0
1977 1
1978 0
1979 1
1980 1
1981 0
1982 1
1983 3
1984 1
1985 1
1986 1
1987 1
1988 1
1989 0
1990 1
1991 2
1992 3
1993 0
1994 2
1995 2
1996 0
1997 2
1998 2
1999 1
2000 2
2001 0
2002 2
2003 1
2004 0
2005 0
2006 2
2007 1
2008 1
2009 3
2010 2
2011 1
2012 1
2013 2
2014 2
2015 1
2016 0
2017 2
2018 1
2019 0
2020 1
2021 1
2022 1
2023 0
2024 2
2025 1
2026 1
2027 1
2028 0
2029 0
2030 3
2031 0
2032 1
2033 1
2034 0
2035 1
2036 2
2037 1
2038 1
2039 2
2040 2
2041 2
2042 0
2043 0
2044 2
2045 0
2046 1
2047 3
2048 0
2049 2
2050 3
2051 1
2052 1
2053 2
2054 1
2055 1
2056 3
2057 1
2058 3
2059 2
2060 2
2061 1
2062 1
2063 1
2064 4
2065 1
2066 2
2067 2
2068 0
2069 1
2070 1
2071 1
2072 0
2073 2
2074 2
2075 1
2076 2
2077 1
2078 2
2079 2
2080 2
2081 1
2082 1
2083 2
2084 3
2085 0
2086 0
2087 0
2088 0
2089 0
2090 0
2091 1
2092 3
2093 5
2094 8
2095 6
2096 3
2097 3
2098 3
2099 1
2100 3
2101 2
2102 4
2103 4
2104 6
2105 1
2106 0
2107 2
2108 1
2109 0
2110 4
2111 0
2112 1
2113 2
2114 2
2115 6
2116 4
2117 2
2118 4
2119 1
2120 1
2121 2
2122 0
2123 2
2124 2
2125 2
2126 2
2127 3
2128 1
2129 2
2130 1
2131 1
2132 3
2133 3
2134 3
2135 5
2136 2
2137 4
2138 2
2139 1
2140 3
2141 0
2142 1
2143 1
2144 2
2145 2
2146 2
2147 3
2148 2
2149 0
2150 2
2151 1
2152 2
2153 1
2154 2
2155 0
2156 2
2157 2
2158 5
2159 1
2160 0
2161 0
2162 0
2163 2
2164 2
2165 3
2166 2
2167 5
2168 2
2169 3
2170 3
2171 2
2172 1
2173 1
2174 2
2175 1
2176 2
2177 2
2178 2
2179 2
2180 2
2181 3
2182 4
2183 1
2184 1
2185 2
2186 2
2187 1
2188 2
2189 3
2190 3
2191 2
2192 4
2193 1
2194 3
2195 3
2196 4
2197 1
2198 2
2199 0
2200 2
2201 3
2202 1
2203 3
2204 1
2205 1
2206 1
2207 0
2208 3
2209 3
2210 2
2211 2
2212 1
2213 1
2214 2
2215 0
2216 1
2217 2
2218 0
2219 2
2220 1
2221 2
2222 1
2223 2
2224 0
2225 1
2226 1
2227 2
2228 1
2229 1
2230 1
2231 2
2232 0
2233 0
2234 2
2235 0
2236 2
2237 1
2238 3
2239 2
2240 0
2241 3
2242 1
2243 4
2244 4
2245 1
2246 3
2247 3
2248 3
2249 3
2250 0
2251 3
2252 1
2253 1
2254 5
2255 6
2256 4
2257 1
2258 0
2259 3
2260 2
2261 3
2262 3
2263 3
2264 1
2265 2
2266 1
2267 4
2268 4
2269 2
2270 0
2271 0
2272 2
2273 0
2274 3
2275 1
2276 1
2277 1
2278 3
2279 2
2280 2
2281 2
2282 4
2283 0
2284 2
2285 4
2286 6
2287 4
2288 1
2289 1
2290 4
2291 1
2292 1
2293 3
2294 3
2295 2
2296 2
2297 1
2298 2
2299 1
2300 2
2301 1
2302 1
2303 2
2304 1
2305 0
2306 1
2307 1
2308 3
2309 1
2310 1
2311 1
2312 0
2313 0
2314 1
2315 5
2316 3
2317 2
2318 2
2319 3
2320 4
2321 3
2322 2
2323 4
2324 0
2325 4
2326 1
2327 1
2328 3
2329 2
2330 2
2331 3
2332 3
2333 2
2334 4
2335 3
2336 3
2337 3
2338 1
2339 0
2340 2
2341 2
2342 4
2343 4
2344 4
2345 5
2346 6
2347 3
2348 1
2349 0
2350 1
2351 5
2352 2
2353 1
2354 3
2355 3
2356 0
2357 0
2358 2
2359 3
2360 1
2361 1
2362 3
2363 2
2364 2
2365 6
2366 2
2367 1
2368 2
2369 2
2370 3
2371 2
2372 3
2373 0
2374 1
2375 1
2376 2
2377 3
2378 1
2379 1
2380 1
2381 3
2382 3
2383 1
2384 1
2385 2
2386 2
2387 1
2388 4
2389 3
2390 3
2391 4
2392 2
2393 2
2394 2
2395 2
2396 3
2397 3
2398 3
2399 3
2400 2
2401 4
2402 3
2403 3
2404 1
2405 1
2406 0
2407 1
2408 1
2409 3
2410 1
2411 1
2412 2
2413 2
2414 2
2415 1
2416 3
2417 2
2418 2
2419 2
2420 3
2421 1
2422 2
2423 4
2424 2
2425 2
2426 1
2427 1
2428 3
2429 2
2430 1
2431 1
2432 0
2433 0
2434 1
2435 1
2436 0
2437 1
2438 1
2439 2
2440 2
2441 2
2442 1
2443 0
2444 0
2445 1
2446 3
2447 0
2448 13
2449 2
2450 10
2451 8
2452 3
2453 2
2454 0
2455 0
2456 1
2457 2
2458 2
2459 0
2460 1
2461 1
2462 0
2463 1
2464 2
2465 1
2466 1
2467 1
2468 1
2469 0
2470 0
2471 2
2472 3
2473 2
2474 1
2475 1
2476 2
2477 1
2478 1
2479 1
2480 0
2481 1
2482 2
2483 0
2484 1
2485 2
2486 0
2487 0
2488 1
2489 2
2490 2
2491 1
2492 3
2493 1
2494 2
2495 4
2496 0
2497 3
2498 1
2499 0
2500 2
2501 2
2502 1
2503 5
2504 2
2505 5
2506 3
2507 4
2508 2
2509 3
2510 2
2511 2
2512 1
2513 0
2514 1
2515 1
2516 1
2517 1
2518 1
2519 0
2520 0
2521 1
2522 1
2523 1
2524 1
2525 2
2526 0
2527 3
2528 4
2529 1
2530 2
2531 1
2532 1
2533 4
2534 3
2535 2
2536 2
2537 1
2538 0
2539 0
2540 1
2541 0
2542 0
2543 2
2544 6
2545 2
2546 1
2547 1
2548 1
2549 0
2550 2
2551 0
2552 0
2553 2
2554 0
2555 2
2556 2
2557 2
2558 2
2559 1
2560 1
2561 0
2562 1
2563 2
2564 1
2565 2
2566 4
2567 2
2568 1
2569 0
2570 0
2571 3
2572 1
2573 1
2574 1
2575 2
2576 0
2577 1
2578 2
2579 4
2580 2
2581 4
2582 2
2583 4
2584 1
2585 0
2586 0
2587 0
2588 0
2589 2
2590 3
2591 3
2592 0
2593 3
2594 0
2595 0
2596 3
2597 2
2598 3
2599 0
2600 1
2601 1
2602 1
2603 2
2604 2
2605 0
2606 0
2607 1
2608 0
2609 2
2610 2
2611 1
2612 2
2613 2
2614 1
2615 2
2616 1
2617 1
2618 2
2619 2
2620 2
2621 1
2622 1
2623 3
2624 2
2625 1
2626 0
2627 1
2628 2
2629 4
2630 1
2631 2
2632 1
2633 1
2634 0
2635 1
2636 0
2637 0
2638 0
2639 2
2640 4
2641 2
2642 0
2643 1
2644 0
2645 2
2646 3
2647 0
2648 0
2649 2
2650 2
2651 2
2652 1
2653 1
2654 2
2655 2
2656 1
2657 2
2658 0
2659 2
2660 3
2661 3
2662 0
2663 3
2664 2
2665 4
2666 2
2667 2
2668 5
2669 1
2670 3
2671 3
2672 3
2673 0
2674 3
2675 1
2676 6
2677 6
2678 8
2679 3
2680 1
2681 1
2682 1
2683 0
2684 0
2685 1
2686 2
2687 2
2688 1
2689 1
2690 2
2691 1
2692 3
2693 2
2694 2
2695 2
2696 2
2697 1
2698 2
2699 1
2700 1
2701 2
2702 2
2703 1
2704 1
2705 0
2706 0
2707 1
2708 1
2709 2
2710 2
2711 0
2712 2
2713 0
2714 0
2715 0
2716 2
2717 0
2718 0
2719 2
2720 1
2721 1
2722 1
2723 1
2724 2
2725 1
2726 1
2727 0
2728 2
2729 0
2730 2
2731 2
2732 2
2733 2
2734 3
2735 1
2736 4
2737 1
2738 3
2739 3
2740 2
2741 2
2742 1
2743 0
2744 2
2745 1
2746 0
2747 2
2748 3
2749 2
2750 0
2751 1
2752 1
2753 1
2754 2
2755 2
2756 2
2757 3
2758 2
2759 1
2760 1
2761 1
2762 2
2763 1
2764 0
2765 1
2766 2
2767 1
2768 2
2769 3
2770 2
2771 1
2772 3
2773 2
2774 2
2775 2
2776 1
2777 1
2778 3
2779 4
2780 3
2781 2
2782 1
2783 0
2784 1
2785 1
2786 2
2787 3
2788 0
2789 3
2790 1
2791 1
2792 2
2793 0
2794 0
2795 1
2796 1
2797 1
2798 1
2799 1
2800 1
2801 2
2802 1
2803 2
2804 2
2805 2
2806 2
2807 0
2808 1
2809 2
2810 2
2811 2
2812 0
2813 4
2814 2
2815 1
2816 1
2817 0
2818 1
2819 3
2820 2
2821 1
2822 2
2823 2
2824 2
2825 2
2826 1
2827 2
2828 1
2829 0
2830 2
2831 2
2832 3
2833 2
2834 1
2835 2
2836 2
2837 0
2838 3
2839 1
2840 2
2841 3
2842 2
2843 1
2844 4
2845 3
2846 3
2847 3
2848 1
2849 1
2850 3
2851 1
2852 0
2853 1
2854 3
2855 2
2856 2
2857 1
2858 2
2859 3
2860 2
2861 1
2862 1
2863 1
2864 1
2865 1
2866 2
2867 2
2868 0
2869 1
2870 3
2871 1
2872 2
2873 2
2874 2
2875 2
2876 2
2877 3
2878 0
2879 4
2880 1
2881 1
2882 5
2883 3
2884 2
2885 1
2886 2
2887 2
2888 2
2889 0
2890 6
2891 1
2892 1
2893 3
2894 0
2895 1
2896 0
2897 1
2898 0
2899 1
2900 1
2901 3
2902 0
2903 1
2904 0
2905 0
2906 2
2907 1
2908 0
2909 2
2910 2
2911 2
2912 3
2913 1
2914 3
2915 2
2916 4
2917 1
2918 0
2919 1
2920 2
2921 1
2922 2
2923 1
2924 2
2925 3
2926 0
2927 0
2928 2
2929 3
2930 1
2931 1
2932 0
2933 0
2934 0
2935 0
2936 1
2937 1
2938 0
2939 1
2940 0
2941 0
2942 0
2943 5
2944 3
2945 0
2946 0
2947 1
2948 1
2949 1
2950 4
2951 0
2952 0
2953 1
2954 1
2955 1
2956 1
2957 1
2958 1
2959 1
2960 1
2961 0
2962 0
2963 0
2964 0
2965 0
2966 0
2967 1
2968 2
2969 2
2970 1
2971 0
2972 3
2973 2
2974 1
2975 4
2976 2
2977 1
2978 0
2979 1
2980 0
2981 2
2982 3
2983 3
2984 2
2985 1
2986 2
2987 0
2988 6
2989 3
2990 3
2991 4
2992 2
2993 0
2994 3
2995 3
2996 2
2997 3
2998 3
2999 1
3000 1
3001 3
3002 1
3003 2
3004 1
3005 2
3006 3
3007 4
3008 2
3009 0
3010 1
3011 2
3012 2
3013 1
3014 1
3015 0
3016 1
3017 4
3018 5
3019 1
3020 2
3021 3
3022 2
3023 1
3024 3
3025 1
3026 0
3027 0
3028 8
3029 2
3030 6
3031 1
3032 4
3033 1
3034 3
3035 1
3036 1
3037 2
3038 1
3039 1
3040 1
3041 1
3042 0
3043 1
3044 2
3045 1
3046 0
3047 1
3048 2
3049 1
3050 0
3051 1
3052 1
3053 2
3054 1
3055 1
3056 1
3057 1
3058 0
3059 3
3060 0
3061 0
3062 1
3063 1
3064 1
3065 2
3066 1
3067 2
3068 1
3069 1
3070 2
3071 0
3072 2
3073 1
3074 2
3075 8
3076 4
3077 3
3078 0
3079 1
3080 1
3081 1
3082 3
3083 4
3084 2
3085 2
3086 2
3087 1
3088 1
3089 1
3090 1
3091 0
3092 1
3093 1
3094 1
3095 0
3096 0
3097 0
3098 1
3099 0
3100 1
3101 0
3102 0
3103 2
3104 3
3105 1
3106 3
3107 0
3108 4
3109 1
3110 0
3111 1
3112 1
3113 0
3114 5
3115 1
3116 4
3117 2
3118 1
3119 0
3120 0
3121 3
3122 2
3123 3
3124 5
3125 2
3126 0
3127 3
3128 4
3129 0
3130 0
3131 0
3132 0
3133 0
3134 2
3135 0
3136 1
3137 0
3138 4
3139 2
3140 4
3141 2
3142 3
3143 1
3144 0
3145 2
3146 2
3147 1
3148 2
3149 1
3150 2
3151 2
3152 2
3153 2
3154 1
3155 1
3156 1
3157 0
3158 0
3159 0
3160 1
3161 0
3162 1
3163 2
3164 0
3165 1
3166 2
3167 1
3168 0
3169 3
3170 2
3171 3
3172 3
3173 1
3174 0
3175 1
3176 3
3177 0
3178 0
3179 1
3180 0
3181 2
3182 1
3183 1
3184 3
3185 0
3186 1
3187 2
3188 2
3189 0
3190 1
3191 1
3192 1
3193 0
3194 0
3195 1
3196 2
3197 1
3198 1
3199 2
3200 1
3201 1
3202 0
3203 2
3204 1
3205 1
3206 3
3207 2
3208 2
3209 1
3210 2
3211 3
3212 2
3213 2
3214 1
3215 2
3216 6
3217 6
3218 4
3219 4
3220 5
3221 7
3222 8
3223 2
3224 2
3225 3
3226 3
3227 4
3228 4
3229 3
3230 3
3231 2
3232 5
3233 4
3234 0
3235 0
3236 11
3237 4
3238 1
3239 0
3240 0
3241 1
3242 1
3243 1
3244 2
3245 3
3246 1
3247 1
3248 0
3249 0
3250 2
3251 2
3252 1
3253 1
3254 0
3255 1
3256 1
3257 0
3258 11
3259 1
3260 3
3261 1
3262 1
3263 1
3264 1
3265 1
3266 1
3267 1
3268 0
3269 3
3270 2
3271 2
3272 0
3273 1
3274 1
3275 0
3276 2
3277 1
3278 2
3279 3
3280 1
3281 1
3282 4
3283 1
3284 1
3285 1
3286 1
3287 0
3288 0
3289 1
3290 0
3291 1
3292 0
3293 3
3294 2
3295 1
3296 2
3297 2
3298 3
3299 2
3300 4
3301 0
3302 3
3303 3
3304 8
3305 3
3306 2
3307 1
3308 0
3309 1
3310 4
3311 1
3312 2
3313 1
3314 2
3315 0
3316 1
3317 3
3318 0
3319 0
3320 0
3321 0
3322 2
3323 3
3324 5
3325 0
3326 4
3327 1
3328 3
3329 0
3330 1
3331 1
3332 2
3333 1
3334 2
3335 1
3336 2
3337 2
3338 2
3339 0
3340 1
3341 2
3342 0
3343 0
3344 1
3345 8
3346 2
3347 0
3348 2
3349 2
3350 1
3351 1
3352 0
3353 1
3354 2
3355 2
3356 0
3357 2
3358 1
3359 2
3360 4
3361 2
3362 1
3363 0
3364 18
3365 0
3366 2
3367 0
3368 0
3369 0
3370 2
3371 1
3372 2
3373 0
3374 1
3375 1
3376 1
3377 2
3378 0
3379 0
3380 0
3381 3
3382 1
3383 1
3384 0
3385 0
3386 8
3387 0
3388 2
3389 5
3390 1
3391 10
3392 0
3393 3
3394 0
3395 6
3396 12
3397 1
3398 1
3399 2
3400 2
3401 1
3402 1
3403 2
3404 2
3405 2
3406 1
3407 3
3408 1
3409 10
3410 3
3411 1
3412 1
3413 2
3414 1
3415 1
3416 0
3417 2
3418 1
3419 0
3420 0
3421 1
3422 2
3423 2
3424 1
3425 0
3426 1
3427 2
3428 9
3429 0
3430 6
3431 7
3432 2
3433 6
3434 10
3435 6
3436 0
3437 1
3438 5
3439 2
3440 9
3441 1
3442 3
3443 0
3444 1
3445 2
3446 3
3447 2
3448 0
3449 11
3450 1
3451 1
3452 1
3453 2
3454 4
3455 1
3456 1
3457 5
3458 2
3459 1
3460 10
3461 1
3462 1
3463 3
3464 1
3465 0
3466 0
3467 0
3468 1
3469 8
3470 11
3471 3
3472 1
3473 1
3474 1
3475 0
3476 4
3477 8
3478 4
3479 1
3480 5
3481 1
3482 5
3483 0
3484 4
3485 1
3486 0
3487 1
3488 4
3489 2
3490 3
3491 4
3492 1
3493 0
3494 1
3495 1
3496 1
3497 2
3498 5
3499 2
3500 1
3501 3
3502 1
3503 2
3504 2
3505 1
3506 0
3507 3
3508 3
3509 1
3510 1
3511 3
3512 1
3513 0
3514 2
3515 4
3516 0
3517 3
3518 1
3519 0
3520 0
3521 1
3522 1
3523 1
3524 2
3525 2
3526 0
3527 0
3528 0
3529 0
3530 0
3531 1
3532 0
3533 1
3534 0
3535 1
3536 1
3537 2
3538 1
3539 1
3540 3
3541 2
3542 2
3543 0
3544 0
3545 0
3546 1
3547 0
3548 0
3549 2
3550 2
3551 1
3552 2
3553 2
3554 2
3555 0
3556 1
3557 0
3558 4
3559 2
3560 4
3561 0
3562 3
3563 4
3564 3
3565 7
3566 0
3567 1
3568 1
3569 3
3570 4
3571 15
3572 6
3573 9
3574 15
3575 23
3576 14
3577 2
3578 5
3579 15
3580 5
3581 2
3582 4
3583 5
3584 2
3585 3
3586 1
3587 5
3588 4
3589 5
3590 2
3591 2
3592 0
3593 5
3594 8
3595 5
3596 2
3597 6
3598 9
3599 5
3600 5
3601 3
3602 7
3603 3
3604 3
3605 1
3606 2
3607 3
3608 0
3609 1
3610 5
3611 2
3612 6
3613 15
3614 10
3615 11
3616 14
3617 10
3618 8
3619 8
3620 1
3621 2
3622 4
3623 1
3624 7
3625 7
3626 5
3627 7
3628 2
3629 1
3630 1
3631 2
3632 2
3633 1
3634 0
3635 4
3636 6
3637 6
3638 3
3639 5
3640 6
3641 2
3642 1
3643 1
3644 2
3645 1
3646 3
3647 2
3648 0
3649 2
3650 1
3651 4
3652 1
3653 2
3654 4
3655 2
3656 3
3657 2
3658 2
3659 0
3660 1
3661 3
3662 1
3663 6
3664 0
3665 3
3666 0
3667 2
3668 4
3669 1
3670 8
3671 9
3672 8
3673 2
3674 7
3675 11
3676 0
3677 1
3678 1
3679 0
3680 0
3681 5
3682 4
3683 5
3684 7
3685 4
3686 3
3687 3
3688 1
3689 1
3690 3
3691 2
3692 2
3693 0
3694 8
3695 12
3696 10
3697 2
3698 6
3699 1
3700 2
3701 3
3702 4
3703 3
3704 3
3705 1
3706 2
3707 1
3708 6
3709 4
3710 0
3711 4
3712 6
3713 9
3714 2
3715 1
3716 1
3717 1
3718 2
3719 2
3720 1
3721 2
3722 2
3723 2
3724 1
3725 1
3726 3
3727 2
3728 0
3729 1
3730 3
3731 0
3732 4
3733 1
3734 5
3735 5
3736 6
3737 2
3738 3
3739 5
3740 4
3741 5
3742 10
3743 2
3744 3
3745 3
3746 7
3747 11
3748 9
3749 8
3750 11
3751 0
3752 1
3753 2
3754 1
3755 1
3756 3
3757 1
3758 0
3759 4
3760 3
3761 3
3762 5
3763 3
3764 1
3765 1
3766 3
3767 3
3768 1
3769 1
3770 3
3771 6
3772 1
3773 8
3774 1
3775 1
3776 2
3777 8
3778 4
3779 12
3780 13
3781 6
3782 12
3783 14
3784 6
3785 3
3786 2
3787 2
3788 4
3789 2
3790 15
3791 7
3792 12
3793 3
3794 2
3795 1
3796 1
3797 2
3798 5
3799 3
3800 5
3801 1
3802 4
3803 4
3804 5
3805 0
3806 0
3807 1
3808 4
3809 0
3810 1
3811 6
3812 2
3813 0
3814 1
3815 0
3816 2
3817 2
3818 2
3819 6
3820 1
3821 2
3822 5
3823 3
3824 0
3825 4
3826 8
3827 3
3828 7
3829 12
3830 2
3831 1
3832 2
3833 0
3834 3
3835 0
3836 1
3837 2
3838 0
3839 1
3840 3
3841 1
3842 1
3843 5
3844 1
3845 3
3846 2
3847 6
3848 2
3849 13
3850 10
3851 1
3852 2
3853 1
3854 0
3855 1
3856 2
3857 12
3858 8
3859 1
3860 1
3861 1
3862 2
3863 3
3864 1
3865 10
3866 0
3867 4
3868 4
3869 5
3870 5
3871 4
3872 0
3873 1
3874 2
3875 1
3876 3
3877 7
3878 1
3879 4
3880 1
3881 2
3882 3
3883 0
3884 5
3885 0
3886 0
3887 1
3888 1
3889 1
3890 0
3891 2
3892 1
3893 0
3894 1
3895 0
3896 1
3897 2
3898 0
3899 2
3900 1
3901 3
3902 1
3903 1
3904 1
3905 1
3906 2
3907 1
3908 1
3909 1
3910 2
3911 2
3912 2
3913 0
3914 1
3915 1
3916 3
3917 1
3918 1
3919 1
3920 2
3921 1
3922 2
3923 3
3924 1
3925 2
3926 1
3927 3
3928 3
3929 0
3930 1
3931 1
3932 1
3933 0
3934 2
3935 0
3936 1
3937 1
3938 2
3939 1
3940 2
3941 0
3942 1
3943 0
3944 2
3945 0
3946 1
3947 0
3948 1
3949 1
3950 1
3951 1
3952 2
3953 0
3954 1
3955 2
3956 4
3957 1
3958 1
3959 3
3960 2
3961 0
3962 2
3963 1
3964 1
3965 4
3966 2
3967 3
3968 1
3969 2
3970 2
3971 1
3972 2
3973 1
3974 2
3975 1
3976 1
3977 1
3978 1
3979 1
3980 1
3981 0
3982 0
3983 0
3984 0
3985 0
3986 0
3987 0
3988 1
3989 0
3990 2
3991 2
3992 1
3993 2
3994 0
3995 0
3996 3
3997 1
3998 1
3999 0
4000 1
4001 2
4002 1
4003 2
4004 3
4005 2
4006 0
4007 1
4008 2
4009 1
4010 1
4011 0
4012 1
4013 2
4014 0
4015 0
4016 1
4017 3
4018 0
4019 0
4020 2
4021 1
4022 0
4023 0
4024 0
4025 1
4026 2
4027 2
4028 1
4029 1
4030 3
4031 3
4032 0
4033 1
4034 1
4035 0
4036 1
4037 1
4038 1
4039 0
4040 2
4041 0
4042 5
4043 4
4044 0
4045 1
4046 1
4047 1
4048 0
4049 1
4050 0
4051 0
4052 0
4053 0
4054 1
4055 1
4056 1
4057 1
4058 1
4059 1
4060 1
4061 1
4062 0
4063 1
4064 1
4065 1
4066 1
4067 1
4068 1
4069 1
4070 1
4071 1
4072 1
4073 0
4074 1
4075 1
4076 1
4077 1
4078 1
4079 1
4080 1
4081 1
4082 1
4083 0
4084 1
4085 1
4086 0
4087 1
4088 0
4089 1
4090 1
4091 1
4092 1
4093 0
4094 0
4095 0
4096 1
4097 1
4098 2
4099 1
4100 0
4101 0
4102 0
4103 1
4104 0
4105 0
4106 0
4107 0
4108 0
4109 0
4110 0
4111 0
4112 1
4113 0
4114 0
4115 0
4116 0
4117 0
4118 0
4119 0
4120 0
4121 0
4122 0
4123 0
4124 0
4125 0
4126 0
4127 0
4128 0
4129 0
4130 0
4131 0
4132 0
4133 0
4134 0
4135 0
4136 0
4137 0
4138 0
4139 0
4140 0
4141 0
4142 0
4143 0
4144 1
4145 0
4146 0
4147 0
4148 0
4149 0
4150 0
4151 0
4152 0
4153 1
4154 0
4155 0
4156 1
4157 0
4158 0
4159 0
4160 0
4161 0
4162 0
4163 0
4164 0
4165 0
4166 0
4167 1
4168 0
4169 1
4170 1
4171 0
4172 0
4173 0
4174 0
4175 0
4176 1
4177 0
4178 0
4179 0
4180 0
4181 1
4182 2
4183 2
4184 3
4185 1
4186 1
4187 0
4188 1
4189 4
4190 1
4191 3
4192 0
4193 1
4194 0
4195 2
4196 3
4197 0
4198 0
4199 1
4200 0
4201 1
4202 0
4203 1
4204 2
4205 1
4206 2
4207 1
4208 0
4209 0
4210 3
4211 0
4212 0
4213 0
4214 2
4215 0
4216 1
4217 1
4218 1
4219 1
4220 1
4221 0
4222 2
4223 1
4224 0
4225 0
4226 0
4227 1
4228 2
4229 0
4230 0
4231 0
4232 0
4233 1
4234 1
4235 0
4236 1
4237 0
4238 0
4239 0
4240 2
4241 1
4242 1
4243 0
4244 1
4245 0
4246 0
4247 0
4248 0
4249 0
4250 1
4251 1
4252 1
4253 1
4254 2
4255 0
4256 1
4257 0
4258 2
4259 0
4260 1
4261 0
4262 0
4263 0
4264 1
4265 0
4266 1
4267 0
4268 1
4269 0
4270 0
4271 1
4272 1
4273 0
4274 0
4275 0
4276 0
4277 0
4278 0
4279 1
4280 2
4281 1
4282 5
4283 8
4284 3
4285 2
4286 1
4287 3
4288 2
4289 3
4290 0
4291 0
4292 1
4293 0
4294 1
4295 0
4296 2
4297 1
4298 2
4299 2
4300 2
4301 7
4302 7
4303 5
4304 4
4305 4
4306 6
4307 2
4308 5
4309 4
4310 0
4311 6
4312 3
4313 5
4314 5
4315 6
4316 5
4317 3
4318 5
4319 0
4320 1
4321 0
4322 2
4323 0
4324 1
4325 0
4326 0
4327 0
4328 2
4329 1
4330 1
4331 0
4332 2
4333 3
4334 0
4335 2
4336 1
4337 0
4338 0
4339 0
4340 1
4341 2
4342 0
4343 0
4344 2
4345 1
4346 1
4347 2
4348 0
4349 0
4350 0
4351 2
4352 2
4353 2
4354 0
4355 0
4356 3
4357 2
4358 2
4359 1
4360 1
4361 1
4362 0
4363 2
4364 1
4365 4
4366 3
4367 1
4368 0
4369 0
4370 0
4371 2
4372 2
4373 1
4374 2
4375 3
4376 2
4377 2
4378 0
4379 3
4380 1
4381 1
4382 1
4383 0
4384 0
4385 2
4386 1
4387 1
4388 1
4389 1
4390 0
4391 1
4392 1
4393 1
4394 0
4395 1
4396 0
4397 0
4398 0
4399 0
4400 0
4401 0
4402 0
4403 0
4404 0
4405 2
4406 1
4407 1
4408 0
4409 2
4410 1
4411 2
4412 1
4413 1
4414 0
4415 1
4416 0
4417 0
4418 2
4419 3
4420 1
4421 1
4422 0
4423 2
4424 1
4425 1
4426 0
4427 0
4428 1
4429 0
4430 1
4431 0
4432 1
4433 2
4434 0
4435 0
4436 0
4437 0
4438 1
4439 2
4440 0
4441 1
4442 1
4443 3
4444 2
4445 2
4446 1
4447 0
4448 1
4449 1
4450 2
4451 1
4452 0
4453 1
4454 1
4455 2
4456 2
4457 4
4458 0
4459 3
4460 2
4461 1
4462 3
4463 3
4464 2
4465 1
4466 0
4467 1
4468 0
4469 1
4470 2
4471 0
4472 1
4473 0
4474 0
4475 1
4476 0
4477 0
4478 0
4479 3
4480 2
4481 0
4482 0
4483 1
4484 0
4485 0
4486 2
4487 0
4488 0
4489 0
4490 0
4491 1
4492 2
4493 1
4494 3
4495 4
4496 2
4497 3
4498 1
4499 1
4500 7
4501 1
4502 1
4503 0
4504 2
4505 2
4506 0
4507 1
4508 3
4509 7
4510 0
4511 1
4512 1
4513 1
4514 0
4515 1
4516 1
4517 0
4518 1
4519 0
4520 1
4521 2
4522 4
4523 2
4524 4
4525 3
4526 3
4527 5
4528 6
4529 2
4530 6
4531 5
4532 0
4533 3
4534 2
4535 1
4536 3
4537 6
4538 8
4539 0
4540 1
4541 0
4542 0
4543 0
4544 0
4545 1
4546 0
4547 2
4548 0
4549 0
4550 0
4551 2
4552 0
4553 1
4554 1
4555 0
4556 1
4557 0
4558 1
4559 0
4560 0
4561 1
4562 0
4563 0
4564 1
4565 0
4566 1
4567 0
4568 0
4569 0
4570 1
4571 0
4572 1
4573 2
4574 1
4575 0
4576 0
4577 1
4578 0
4579 0
4580 1
4581 0
4582 0
4583 1
4584 0
4585 0
4586 2
4587 1
4588 0
4589 0
4590 1
4591 1
4592 1
4593 0
4594 1
4595 0
4596 0
4597 0
4598 0
4599 2
4600 0
4601 1
4602 0
4603 0
4604 0
4605 1
4606 0
4607 0
4608 1
4609 1
4610 0
4611 2
4612 1
4613 1
4614 3
4615 0
4616 0
4617 1
4618 1
4619 2
4620 0
4621 0
4622 1
4623 0
4624 0
4625 4
4626 0
4627 0
4628 1
4629 2
4630 1
4631 3
4632 3
4633 1
4634 2
4635 2
4636 4
4637 3
4638 2
4639 3
4640 0
4641 0
4642 1
4643 1
4644 0
4645 1
4646 2
4647 1
4648 3
4649 1
4650 3
4651 2
4652 2
4653 1
4654 8
4655 1
4656 4
4657 2
4658 0
4659 2
4660 2
4661 4
4662 3
4663 1
4664 4
4665 3
4666 3
4667 8
4668 4
4669 1
4670 1
4671 1
4672 3
4673 2
4674 3
4675 0
4676 0
4677 1
4678 0
4679 0
4680 3
4681 0
4682 0
4683 0
4684 1
4685 1
4686 0
4687 4
4688 0
4689 1
4690 0
4691 1
4692 0
4693 2
4694 1
4695 0
4696 2
4697 2
4698 2
4699 3
4700 2
4701 2
4702 2
4703 3
4704 2
4705 3
4706 2
4707 3
4708 4
4709 1
4710 0
4711 4
4712 3
4713 4
4714 0
4715 3
4716 2
4717 1
4718 1
4719 2
4720 3
4721 1
4722 2
4723 3
4724 3
4725 3
4726 1
4727 0
4728 3
4729 2
4730 1
4731 2
4732 2
4733 2
4734 2
4735 1
4736 4
4737 1
4738 3
4739 2
4740 0
4741 0
4742 3
4743 2
4744 1
4745 0
4746 1
4747 1
4748 2
4749 3
4750 1
4751 2
4752 3
4753 1
4754 4
4755 3
4756 1
4757 2
4758 0
4759 2
4760 0
4761 0
4762 4
4763 0
4764 1
4765 3
4766 1
4767 1
4768 1
4769 1
4770 3
4771 3
4772 2
4773 4
4774 4
4775 1
4776 2
4777 0
4778 1
4779 1
4780 2
4781 1
4782 1
4783 7
4784 4
4785 2
4786 3
4787 3
4788 0
4789 1
4790 0
4791 0
4792 2
4793 2
4794 1
4795 2
4796 0
4797 0
4798 2
4799 2
4800 0
4801 1
4802 2
4803 2
4804 0
4805 2
4806 1
4807 2
4808 2
4809 3
4810 2
4811 2
4812 4
4813 0
4814 2
4815 1
4816 2
4817 4
4818 1
4819 2
4820 2
4821 4
4822 3
4823 6
4824 1
4825 4
4826 1
4827 2
4828 0
4829 2
4830 1
4831 1
4832 0
4833 3
4834 1
4835 1
4836 2
4837 0
4838 1
4839 1
4840 1
4841 2
4842 4
4843 6
4844 6
4845 7
4846 4
4847 2
4848 3
4849 5
4850 3
4851 3
4852 7
4853 2
4854 1
4855 2
4856 2
4857 0
4858 1
4859 5
4860 4
4861 0
4862 5
4863 1
4864 1
4865 1
4866 0
4867 0
4868 2
4869 0
4870 3
4871 1
4872 0
4873 3
4874 5
4875 2
4876 1
4877 3
4878 2
4879 1
4880 3
4881 0
4882 0
4883 1
4884 1
4885 1
4886 2
4887 2
4888 3
4889 2
4890 2
4891 1
4892 3
4893 4
4894 2
4895 1
4896 0
4897 0
4898 3
4899 1
4900 3
4901 2
4902 1
4903 1
4904 1
4905 6
4906 3
4907 2
4908 0
4909 1
4910 1
4911 3
4912 1
4913 0
4914 1
4915 1
4916 2
4917 2
4918 0
4919 1
4920 1
4921 2
4922 1
4923 6
4924 2
4925 2
4926 1
4927 3
4928 2
4929 1
4930 1
4931 1
4932 1
4933 0
4934 2
4935 3
4936 3
4937 1
4938 1
4939 4
4940 3
4941 2
4942 1
4943 4
4944 2
4945 0
4946 3
4947 2
4948 2
4949 2
4950 2
4951 1
4952 1
4953 1
4954 2
4955 2
4956 0
4957 0
4958 1
4959 1
4960 0
4961 4
4962 0
4963 2
4964 1
4965 1
4966 0
4967 1
4968 0
4969 1
4970 0
4971 0
4972 1
4973 3
4974 2
4975 0
4976 1
4977 0
4978 0
4979 5
4980 4
4981 1
4982 2
4983 2
4984 3
4985 1
4986 1
4987 1
4988 3
4989 1
4990 2
4991 2
4992 0
4993 2
4994 4
4995 1
4996 1
4997 2
4998 2
4999 0
5000 0
5001 3
5002 3
5003 1
5004 1
5005 2
5006 2
5007 2
5008 0
5009 1
5010 2
5011 1
5012 2
5013 2
5014 0
5015 1
5016 3
5017 2
5018 0
5019 1
5020 1
5021 1
5022 2
5023 3
5024 0
5025 1
5026 0
5027 0
5028 1
5029 0
5030 0
5031 1
5032 1
5033 2
5034 3
5035 2
5036 0
5037 1
5038 1
5039 0
5040 0
5041 0
5042 2
5043 1
5044 0
5045 2
5046 0
5047 0
5048 0
5049 1
5050 1
5051 0
5052 1
5053 0
5054 0
5055 0
5056 0
5057 2
5058 1
5059 2
5060 0
5061 2
5062 1
5063 1
5064 2
5065 2
5066 0
5067 3
5068 1
5069 0
5070 0
5071 0
5072 0
5073 0
5074 0
5075 0
5076 0
5077 1
5078 0
5079 2
5080 2
5081 0
5082 1
5083 0
5084 0
5085 0
5086 0
5087 0
5088 0
5089 1
5090 1
5091 0
5092 0
5093 1
5094 0
5095 2
5096 0
5097 0
5098 1
5099 1
5100 1
5101 0
5102 1
5103 0
5104 0
5105 1
5106 0
5107 1
5108 0
5109 0
5110 0
5111 4
5112 3
5113 0
5114 0
5115 0
5116 0
5117 0
5118 2
5119 0
5120 0
5121 0
5122 1
5123 1
5124 2
5125 2
5126 1
5127 1
5128 0
5129 1
5130 2
5131 1
5132 1
5133 2
5134 1
5135 2
5136 0
5137 1
5138 3
5139 4
5140 3
5141 1
5142 2
5143 2
5144 2
5145 1
5146 3
5147 3
5148 2
5149 0
5150 0
5151 0
5152 3
5153 2
5154 1
5155 1
5156 1
5157 2
5158 1
5159 2
5160 3
5161 2
5162 2
5163 3
5164 1
5165 1
5166 1
5167 2
5168 1
5169 2
5170 0
5171 1
5172 1
5173 2
5174 3
5175 1
5176 1
5177 2
5178 1
5179 1
5180 1
5181 1
5182 1
5183 1
5184 1
5185 1
5186 1
5187 1
5188 2
5189 2
5190 3
5191 2
5192 2
5193 2
5194 1
5195 0
5196 2
5197 2
5198 1
5199 3
5200 2
5201 3
5202 3
5203 2
5204 2
5205 2
5206 2
5207 3
5208 1
5209 1
5210 2
5211 1
5212 1
5213 0
5214 0
5215 1
5216 1
5217 2
5218 2
5219 3
5220 1
5221 1
5222 2
5223 1
5224 1
5225 4
5226 0
5227 1
5228 0
5229 0
5230 0
5231 1
5232 1
5233 1
5234 1
5235 2
5236 0
5237 0
5238 2
5239 1
5240 2
5241 2
5242 4
5243 2
5244 2
5245 1
5246 2
5247 3
5248 2
5249 1
5250 1
5251 2
5252 2
5253 2
5254 0
5255 1
5256 0
5257 1
5258 0
5259 1
5260 2
5261 2
5262 2
5263 2
5264 1
5265 0
5266 0
5267 3
5268 1
5269 1
5270 2
5271 2
5272 1
5273 2
5274 2
5275 3
5276 2
5277 5
5278 1
5279 3
5280 2
5281 2
5282 1
5283 1
5284 1
5285 1
5286 3
5287 2
5288 3
5289 4
5290 1
5291 2
5292 2
5293 3
5294 3
5295 0
5296 2
5297 1
5298 2
5299 2
5300 1
5301 0
5302 0
5303 2
5304 2
5305 1
5306 3
5307 1
5308 2
5309 0
5310 2
5311 2
5312 3
5313 2
5314 1
5315 2
5316 2
5317 3
5318 1
5319 2
5320 2
5321 1
5322 2
5323 2
5324 1
5325 2
5326 1
5327 1
5328 0
5329 0
5330 0
5331 0
5332 0
5333 2
5334 0
5335 1
5336 0
5337 2
5338 1
5339 2
5340 2
5341 1
5342 2
5343 2
5344 1
5345 2
5346 0
5347 0
5348 2
5349 0
5350 1
5351 1
5352 1
5353 0
5354 1
5355 2
5356 2
5357 0
5358 1
5359 1
5360 1
5361 0
5362 1
5363 1
5364 3
5365 3
5366 3
5367 2
5368 1
5369 2
5370 2
5371 1
5372 3
5373 1
5374 4
5375 1
5376 1
5377 2
5378 2
5379 2
5380 1
5381 2
5382 3
5383 1
5384 2
5385 1
5386 1
5387 2
5388 1
5389 2
5390 2
5391 1
5392 2
5393 1
5394 2
5395 0
5396 1
5397 1
5398 2
5399 1
5400 0
5401 2
5402 2
5403 1
5404 1
5405 0
5406 1
5407 0
5408 1
5409 0
5410 0
5411 1
5412 2
5413 3
5414 1
5415 1
5416 2
5417 1
5418 3
5419 1
5420 2
5421 1
5422 0
5423 0
5424 2
5425 2
5426 3
5427 2
5428 2
5429 2
5430 1
5431 1
5432 1
5433 1
5434 1
5435 1
5436 0
5437 2
5438 6
5439 9
5440 7
5441 7
5442 8
5443 10
5444 5
5445 2
5446 7
5447 12
5448 13
5449 7
5450 10
5451 5
5452 5
5453 6
5454 2
5455 4
5456 9
5457 10
5458 3
5459 4
5460 4
5461 2
5462 2
5463 1
5464 3
5465 0
5466 3
5467 4
5468 0
5469 2
5470 6
5471 1
5472 2
5473 2
5474 2
5475 2
5476 1
5477 1
5478 2
5479 2
5480 2
5481 3
5482 2
5483 2
5484 3
5485 0
5486 2
5487 2
5488 3
5489 2
5490 5
5491 3
5492 4
5493 1
5494 0
5495 2
5496 1
5497 1
5498 1
5499 2
5500 0
5501 2
5502 0
5503 1
5504 0
5505 1
5506 0
5507 0
5508 0
5509 0
5510 1
5511 0
5512 0
5513 0
5514 1
5515 0
5516 0
5517 0
5518 1
5519 0
5520 0
5521 0
5522 3
5523 2
5524 2
5525 3
5526 2
5527 0
5528 0
5529 0
5530 1
5531 2
5532 2
5533 1
5534 0
5535 2
5536 2
5537 2
5538 2
5539 2
5540 1
5541 0
5542 0
5543 1
5544 0
5545 0
5546 1
5547 2
5548 1
5549 0
5550 1
5551 0
5552 0
5553 0
5554 0
5555 0
5556 0
5557 0
5558 0
5559 0
5560 0
5561 0
5562 0
5563 1
5564 1
5565 4
5566 0
5567 3
5568 0
5569 2
5570 2
5571 0
5572 2
5573 2
5574 2
5575 3
5576 1
5577 0
5578 1
5579 0
5580 1
5581 3
5582 2
5583 2
5584 3
5585 2
5586 1
5587 1
5588 1
5589 1
5590 2
5591 1
5592 0
5593 0
5594 0
5595 0
5596 2
5597 2
5598 1
5599 2
5600 1
5601 3
5602 3
5603 1
5604 2
5605 1
5606 6
5607 2
5608 0
5609 0
5610 1
5611 3
5612 1
5613 1
5614 0
5615 2
5616 0
5617 2
5618 0
5619 2
5620 2
5621 0
5622 0
5623 3
5624 3
5625 2
5626 2
5627 0
5628 2
5629 1
5630 2
5631 1
5632 2
5633 0
5634 0
5635 1
5636 1
5637 0
5638 1
5639 1
5640 2
5641 3
5642 1
5643 2
5644 0
5645 2
5646 1
5647 1
5648 0
5649 2
5650 2
5651 1
5652 1
5653 0
5654 1
5655 1
5656 0
5657 1
5658 0
5659 2
5660 2
5661 0
5662 0
5663 1
5664 2
5665 0
5666 1
5667 0
5668 1
5669 0
5670 1
5671 0
5672 4
5673 1
5674 1
5675 0
5676 1
5677 1
5678 1
5679 0
5680 1
5681 1
5682 2
5683 0
5684 2
5685 1
5686 1
5687 1
5688 2
5689 1
5690 0
5691 0
5692 1
5693 0
5694 0
5695 3
5696 6
5697 5
5698 0
5699 1
5700 2
5701 0
5702 2
5703 3
5704 1
5705 4
5706 1
5707 2
5708 1
5709 1
5710 0
5711 1
5712 2
5713 0
5714 1
5715 2
5716 3
5717 1
5718 2
5719 2
5720 2
5721 2
5722 0
5723 1
5724 2
5725 2
5726 1
5727 1
5728 0
5729 1
5730 1
5731 1
5732 1
5733 2
5734 3
5735 1
5736 2
5737 1
5738 0
5739 2
5740 3
5741 1
5742 3
5743 2
5744 1
5745 2
5746 2
5747 4
5748 1
5749 2
5750 2
5751 1
5752 2
5753 2
5754 2
5755 2
5756 1
5757 2
5758 3
5759 1
5760 1
5761 2
5762 2
5763 1
5764 2
5765 2
5766 2
5767 2
5768 3
5769 0
5770 3
5771 0
5772 2
5773 3
5774 1
5775 1
5776 0
5777 2
5778 1
5779 2
5780 4
5781 2
5782 2
5783 2
5784 3
5785 1
5786 3
5787 2
5788 2
5789 2
5790 2
5791 0
5792 2
5793 4
5794 1
5795 1
5796 1
5797 2
5798 1
5799 0
5800 4
5801 1
5802 2
5803 0
5804 1
5805 1
5806 1
5807 0
5808 0
5809 0
5810 5
5811 0
5812 1
5813 0
5814 1
5815 0
5816 8
5817 0
5818 3
5819 1
5820 0
5821 0
5822 1
5823 2
5824 2
5825 1
5826 1
5827 0
5828 1
5829 1
5830 1
5831 2
5832 1
5833 1
5834 1
5835 2
5836 3
5837 2
5838 1
5839 2
5840 1
5841 2
5842 1
5843 2
5844 1
5845 2
5846 2
5847 2
5848 1
5849 2
5850 2
5851 5
5852 1
5853 0
5854 0
5855 0
5856 1
5857 2
5858 2
5859 0
5860 0
5861 0
5862 1
5863 1
5864 2
5865 0
5866 1
5867 0
5868 0
5869 3
5870 2
5871 2
5872 2
5873 3
5874 0
5875 1
5876 0
5877 1
5878 3
5879 3
5880 1
5881 1
5882 2
5883 2
5884 2
5885 2
5886 3
5887 0
5888 2
5889 2
5890 3
5891 3
5892 1
5893 1
5894 0
5895 0
5896 0
5897 1
5898 4
5899 0
5900 0
5901 1
5902 2
5903 1
5904 1
5905 1
5906 0
5907 0
5908 1
5909 4
5910 2
5911 1
5912 1
5913 1
5914 1
5915 1
5916 2
5917 0
5918 3
5919 1
5920 3
5921 1
5922 1
5923 2
5924 4
5925 2
5926 1
5927 1
5928 0
5929 0
5930 1
5931 1
5932 1
5933 2
5934 1
5935 1
5936 2
5937 3
5938 3
5939 1
5940 0
5941 1
5942 0
5943 0
5944 0
5945 1
5946 1
5947 0
5948 0
5949 2
5950 2
5951 1
5952 1
5953 0
5954 0
5955 0
5956 1
5957 0
5958 2
5959 0
5960 3
5961 2
5962 1
5963 2
5964 0
5965 2
5966 1
5967 1
5968 0
5969 0
5970 0
5971 0
5972 2
5973 2
5974 0
5975 0
5976 1
5977 1
5978 3
5979 3
5980 1
5981 1
5982 1
5983 2
5984 2
5985 1
5986 0
5987 0
5988 1
5989 1
5990 2
5991 2
5992 3
5993 2
5994 0
5995 0
5996 2
5997 2
5998 2
5999 1
6000 1
6001 2
6002 1
6003 1
6004 0
6005 1
6006 1
6007 2
6008 1
6009 0
6010 0
6011 1
6012 2
6013 1
6014 2
6015 3
6016 4
6017 1
6018 2
6019 3
6020 1
6021 3
6022 2
6023 2
6024 3
6025 2
6026 1
6027 1
6028 1
6029 1
6030 2
6031 1
6032 1
6033 2
6034 3
6035 1
6036 1
6037 2
6038 3
6039 8
6040 3
6041 3
6042 3
6043 5
6044 1
6045 2
6046 3
6047 2
6048 2
6049 1
6050 2
6051 1
6052 0
6053 1
6054 2
6055 1
6056 1
6057 1
6058 1
6059 2
6060 1
6061 1
6062 2
6063 0
6064 2
6065 0
6066 0
6067 1
6068 0
6069 2
6070 1
6071 2
6072 1
6073 2
6074 1
6075 2
6076 2
6077 2
6078 0
6079 4
6080 1
6081 1
6082 2
6083 1
6084 1
6085 0
6086 2
6087 1
6088 2
6089 2
6090 0
6091 1
6092 2
6093 1
6094 0
6095 1
6096 1
6097 2
6098 2
6099 2
6100 2
6101 1
6102 1
6103 2
6104 1
6105 1
6106 0
6107 1
6108 0
6109 1
6110 2
6111 0
6112 3
6113 1
6114 0
6115 1
6116 2
6117 3
6118 2
6119 2
6120 1
6121 0
6122 1
6123 4
6124 1
6125 2
6126 2
6127 1
6128 1
6129 0
6130 0
6131 1
6132 1
6133 0
6134 4
6135 3
6136 3
6137 2
6138 2
6139 1
6140 1
6141 1
6142 1
6143 3
6144 2
6145 3
6146 2
6147 3
6148 2
6149 1
6150 2
6151 3
6152 3
6153 3
6154 3
6155 7
6156 3
6157 5
6158 4
6159 3
6160 2
6161 2
6162 1
6163 1
6164 2
6165 3
6166 0
6167 5
6168 2
6169 3
6170 2
6171 2
6172 2
6173 1
6174 1
6175 2
6176 1
6177 2
6178 1
6179 0
6180 2
6181 2
6182 1
6183 2
6184 2
6185 2
6186 3
6187 2
6188 1
6189 1
6190 1
6191 3
6192 3
6193 3
6194 4
6195 3
6196 2
6197 1
6198 1
6199 0
6200 3
6201 3
6202 2
6203 3
6204 2
6205 1
6206 1
6207 2
6208 3
6209 3
6210 3
6211 2
6212 0
6213 3
6214 0
6215 1
6216 1
6217 1
6218 0
6219 2
6220 1
6221 2
6222 0
6223 0
6224 1
6225 1
6226 1
6227 1
6228 0
6229 1
6230 1
6231 1
6232 1
6233 1
6234 1
6235 1
6236 2
6237 2
6238 0
6239 2
6240 2
6241 0
6242 2
6243 3
6244 4
6245 0
6246 2
6247 1
6248 1
6249 2
6250 2
6251 3
6252 3
6253 3
6254 2
6255 3
6256 2
6257 3
6258 2
6259 2
6260 1
6261 2
6262 1
6263 0
6264 0
6265 1
6266 2
6267 5
6268 1
6269 1
6270 0
6271 1
6272 0
6273 2
6274 3
6275 0
6276 4
6277 5
6278 4
6279 6
6280 3
6281 2
6282 4
6283 0
6284 4
6285 2
6286 4
6287 5
6288 3
6289 4
6290 2
6291 3
6292 5
6293 6
6294 6
6295 5
6296 3
6297 3
6298 1
6299 4
6300 3
6301 3
6302 3
6303 4
6304 4
6305 4
6306 5
6307 4
6308 3
6309 2
6310 4
6311 4
6312 6
6313 3
6314 1
6315 2
6316 4
6317 3
6318 2
6319 2
6320 2
6321 2
6322 2
6323 3
6324 1
6325 1
6326 0
6327 1
6328 1
6329 1
6330 2
6331 1
6332 2
6333 3
6334 4
6335 4
6336 2
6337 1
6338 2
6339 2
6340 3
6341 1
6342 2
6343 1
6344 2
6345 1
6346 2
6347 2
6348 3
6349 2
6350 1
6351 3
6352 0
6353 2
6354 1
6355 1
6356 0
6357 2
6358 2
6359 2
6360 2
6361 3
6362 0
6363 1
6364 0
6365 0
6366 0
6367 0
6368 0
6369 0
6370 0
6371 0
6372 1
6373 0
6374 0
6375 1
6376 0
6377 2
6378 1
6379 0
6380 1
6381 1
6382 1
6383 2
6384 2
6385 0
6386 1
6387 0
6388 1
6389 2
6390 1
6391 2
6392 2
6393 1
6394 0
6395 0
6396 1
6397 0
6398 0
6399 0
6400 0
6401 1
6402 0
6403 2
6404 0
6405 1
6406 2
6407 0
6408 0
6409 0
6410 0
6411 1
6412 0
6413 0
6414 1
6415 0
6416 0
6417 0
6418 0
6419 0
6420 1
6421 0
6422 0
6423 0
6424 0
6425 1
6426 0
6427 0
6428 0
6429 0
6430 0
6431 1
6432 1
6433 0
6434 1
6435 1
6436 0
6437 1
6438 0
6439 0
6440 0
6441 1
6442 1
6443 1
6444 1
6445 0
6446 0
6447 0
6448 0
6449 1
6450 0
6451 1
6452 0
6453 0
6454 0
6455 0
6456 0
6457 0
6458 0
6459 0
6460 1
6461 1
6462 0
6463 1
6464 0
6465 1
6466 1
6467 2
6468 0
6469 0
6470 1
6471 2
6472 0
6473 0
6474 0
6475 0
6476 0
6477 0
6478 1
6479 1
6480 0
6481 0
6482 0
6483 1
6484 1
6485 1
6486 0
6487 0
6488 0
6489 1
6490 0
6491 0
6492 0
6493 1
6494 0
6495 0
6496 0
6497 0
6498 0
6499 0
6500 0
6501 1
6502 2
6503 3
6504 1
6505 0
6506 1
6507 0
6508 2
6509 2
6510 0
6511 0
6512 1
6513 1
6514 1
6515 1
6516 0
6517 1
6518 1
6519 1
6520 1
6521 1
6522 0
6523 1
6524 0
6525 2
6526 1
6527 1
6528 0
6529 0
6530 1
6531 1
6532 1
6533 0
6534 1
6535 0
6536 0
6537 0
6538 1
6539 2
6540 0
6541 0
6542 0
6543 0
6544 0
6545 1
6546 2
6547 2
6548 5
6549 7
6550 4
6551 0
6552 3
6553 1
6554 1
6555 2
6556 1
6557 2
6558 1
6559 2
6560 3
6561 0
6562 4
6563 0
6564 2
6565 0
6566 3
6567 0
6568 1
6569 0
6570 0
6571 3
6572 2
6573 2
6574 1
6575 0
6576 0
6577 1
6578 0
6579 1
6580 1
6581 0
6582 1
6583 0
6584 1
6585 0
6586 2
6587 4
6588 0
6589 1
6590 1
6591 3
6592 0
6593 4
6594 2
6595 1
6596 1
6597 1
6598 0
6599 2
6600 3
6601 2
6602 1
6603 4
6604 1
6605 0
6606 1
6607 0
6608 0
6609 0
6610 7
6611 10
6612 7
6613 15
6614 7
6615 1
6616 2
6617 1
6618 3
6619 3
6620 1
6621 2
6622 0
6623 0
6624 1
6625 8
6626 3
6627 1
6628 0
6629 1
6630 0
6631 0
6632 2
6633 2
6634 2
6635 1
6636 2
6637 1
6638 0
6639 6
6640 0
6641 2
6642 1
6643 1
6644 1
6645 1
6646 3
6647 5
6648 0
6649 3
6650 2
6651 8
6652 0
6653 0
6654 1
6655 4
6656 2
6657 0
6658 4
6659 1
6660 0
6661 2
6662 3
6663 1
6664 5
6665 5
6666 6
6667 3
6668 2
6669 4
6670 0
6671 2
6672 0
6673 1
6674 1
6675 1
6676 0
6677 1
6678 2
6679 1
6680 1
6681 1
6682 0
6683 0
6684 0
6685 2
6686 5
6687 6
6688 5
6689 2
6690 4
6691 7
6692 4
6693 0
6694 1
6695 0
6696 0
6697 0
6698 2
6699 3
6700 1
6701 0
6702 0
6703 4
6704 0
6705 1
6706 0
6707 1
6708 0
6709 5
6710 4
6711 0
6712 14
6713 2
6714 6
6715 1
6716 4
6717 1
6718 0
6719 2
6720 0
6721 1
6722 1
6723 1
6724 1
6725 2
6726 1
6727 1
6728 0
6729 1
6730 0
6731 0
6732 0
6733 1
6734 0
6735 0
6736 2
6737 1
6738 0
6739 1
6740 1
6741 9
6742 6
6743 6
6744 10
6745 0
6746 2
6747 2
6748 3
6749 3
6750 1
6751 2
6752 5
6753 4
6754 1
6755 3
6756 2
6757 1
6758 4
6759 7
6760 1
6761 1
6762 2
6763 0
6764 1
6765 1
6766 3
6767 1
6768 0
6769 0
6770 2
6771 2
6772 1
6773 1
6774 0
6775 1
6776 1
6777 0
6778 0
6779 0
6780 3
6781 2
6782 12
6783 6
6784 3
6785 1
6786 2
6787 2
6788 0
6789 1
6790 0
6791 0
6792 2
6793 0
6794 1
6795 0
6796 1
6797 1
6798 1
6799 0
6800 1
6801 1
6802 0
6803 1
6804 1
6805 3
6806 1
6807 2
6808 2
6809 4
6810 5
6811 3
6812 0
6813 1
6814 2
6815 0
6816 1
6817 1
6818 2
6819 3
6820 2
6821 3
6822 1
6823 1
6824 0
6825 1
6826 1
6827 0
6828 2
6829 3
6830 1
6831 3
6832 2
6833 4
6834 4
6835 0
6836 1
6837 0
6838 1
6839 3
6840 4
6841 3
6842 1
6843 4
6844 1
6845 1
6846 1
6847 0
6848 1
6849 0
6850 0
6851 3
6852 1
6853 1
6854 0
6855 3
6856 2
6857 1
6858 2
6859 0
6860 0
6861 1
6862 2
6863 1
6864 2
6865 3
6866 1
6867 2
6868 0
6869 0
6870 0
6871 3
6872 3
6873 1
6874 1
6875 1
6876 3
6877 3
6878 3
6879 3
6880 0
6881 1
6882 3
6883 3
6884 3
6885 1
6886 3
6887 4
6888 0
6889 0
6890 0
6891 1
6892 2
6893 2
6894 1
6895 2
6896 3
6897 2
6898 2
6899 1
6900 2
6901 2
6902 2
6903 1
6904 1
6905 1
6906 4
6907 2
6908 2
6909 1
6910 3
6911 2
6912 2
6913 0
6914 3
6915 0
6916 1
6917 2
6918 0
6919 2
6920 2
6921 2
6922 3
6923 0
6924 1
6925 1
6926 1
6927 0
6928 5
6929 5
6930 4
6931 2
6932 2
6933 3
6934 3
6935 1
6936 3
6937 2
6938 1
6939 0
6940 2
6941 2
6942 0
6943 1
6944 1
6945 0
6946 1
6947 0
6948 1
6949 1
6950 1
6951 0
6952 2
6953 1
6954 1
6955 0
6956 0
6957 1
6958 2
6959 4
6960 1
6961 3
6962 3
6963 3
6964 0
6965 1
6966 7
6967 1
6968 0
6969 4
6970 0
6971 14
6972 2
6973 5
6974 2
6975 2
6976 4
6977 4
6978 3
6979 1
6980 3
6981 0
6982 4
6983 1
6984 1
6985 1
6986 1
6987 1
6988 3
6989 1
6990 3
6991 1
6992 2
6993 2
6994 2
6995 1
6996 0
6997 2
6998 1
6999 1
7000 1
7001 3
7002 1
7003 1
7004 0
7005 1
7006 1
7007 0
7008 0
7009 1
7010 0
7011 0
7012 0
7013 0
7014 2
7015 1
7016 1
7017 1
7018 1
7019 1
7020 3
7021 1
7022 2
7023 3
7024 1
7025 5
7026 6
7027 5
7028 3
7029 1
7030 6
7031 1
7032 2
7033 0
7034 2
7035 0
7036 3
7037 0
7038 2
7039 1
7040 0
7041 0
7042 5
7043 0
7044 1
7045 2
7046 1
7047 1
7048 1
7049 2
7050 1
7051 3
7052 0
7053 2
7054 1
7055 1
7056 0
7057 1
7058 1
7059 1
7060 3
7061 2
7062 1
7063 6
7064 5
7065 4
7066 1
7067 0
7068 0
7069 3
7070 3
7071 3
7072 2
7073 3
7074 3
7075 5
7076 3
7077 1
7078 2
7079 2
7080 3
7081 3
7082 4
7083 1
7084 2
7085 0
7086 5
7087 4
7088 3
7089 4
7090 2
7091 3
7092 3
7093 1
7094 5
7095 4
7096 6
7097 5
7098 7
7099 2
7100 2
7101 6
7102 4
7103 0
7104 3
7105 2
7106 1
7107 3
7108 8
7109 0
7110 0
7111 1
7112 2
7113 3
7114 3
7115 2
7116 1
7117 0
7118 0
7119 2
7120 1
7121 2
7122 2
7123 1
7124 2
7125 1
7126 0
7127 0
7128 3
7129 2
7130 0
7131 1
7132 1
7133 1
7134 1
7135 0
7136 1
7137 5
7138 1
7139 0
7140 1
7141 0
7142 2
7143 3
7144 0
7145 1
7146 1
7147 0
7148 1
7149 0
7150 1
7151 0
7152 0
7153 0
7154 0
7155 2
7156 1
7157 1
7158 0
7159 1
7160 3
7161 2
7162 3
7163 1
7164 4
7165 2
7166 3
7167 8
7168 0
7169 0
7170 0
7171 0
7172 2
7173 1
7174 0
7175 1
7176 1
7177 0
7178 1
7179 0
7180 1
7181 7
7182 3
7183 1
7184 4
7185 8
7186 1
7187 2
7188 1
7189 0
7190 1
7191 2
7192 2
7193 1
7194 0
7195 5
7196 0
7197 0
7198 0
7199 0
7200 6
7201 4
7202 1
7203 1
7204 0
7205 1
7206 1
7207 1
7208 3
7209 4
7210 2
7211 0
7212 2
7213 3
7214 1
7215 2
7216 2
7217 0
7218 2
7219 1
7220 0
7221 1
7222 0
7223 1
7224 1
7225 1
7226 0
7227 0
7228 2
7229 1
7230 0
7231 2
7232 1
7233 1
7234 0
7235 4
7236 0
7237 2
7238 3
7239 1
7240 0
7241 1
7242 1
7243 6
7244 0
7245 3
7246 2
7247 5
7248 7
7249 2
7250 4
7251 0
7252 2
7253 2
7254 1
7255 0
7256 1
7257 1
7258 3
7259 0
7260 4
7261 2
7262 1
7263 0
7264 3
7265 2
7266 2
7267 1
7268 1
7269 2
7270 2
7271 7
7272 5
7273 4
7274 4
7275 3
7276 1
7277 15
7278 15
7279 18
7280 17
7281 20
7282 13
7283 0
7284 1
7285 1
7286 1
7287 1
7288 18
7289 1
7290 2
7291 1
7292 0
7293 2
7294 0
7295 2
7296 1
7297 2
7298 1
7299 8
7300 1
7301 19
7302 20
7303 14
7304 12
7305 14
7306 10
7307 0
7308 2
7309 2
7310 2
7311 1
7312 3
7313 3
7314 3
7315 2
7316 1
7317 0
7318 0
7319 5
7320 3
7321 2
7322 2
7323 2
7324 2
7325 4
7326 4
7327 3
7328 2
7329 7
7330 0
7331 2
7332 0
7333 0
7334 0
7335 0
7336 0
7337 0
7338 0
7339 2
7340 6
7341 1
7342 0
7343 0
7344 2
7345 4
7346 1
7347 0
7348 0
7349 4
7350 1
7351 1
7352 4
7353 1
7354 1
7355 1
7356 4
7357 2
7358 0
7359 0
7360 1
7361 0
7362 1
7363 0
7364 1
7365 1
7366 0
7367 2
7368 17
7369 11
7370 4
7371 9
7372 5
7373 9
7374 1
7375 2
7376 1
7377 1
7378 2
7379 7
7380 19
7381 7
7382 4
7383 3
7384 4
7385 1
7386 4
7387 3
7388 1
7389 3
7390 1
7391 5
7392 4
7393 3
7394 4
7395 2
7396 2
7397 4
7398 4
7399 4
7400 3
7401 3
7402 2
7403 3
7404 1
7405 3
7406 2
7407 3
7408 2
7409 9
7410 3
7411 3
7412 3
7413 0
7414 1
7415 2
7416 4
7417 3
7418 1
7419 1
7420 2
7421 1
7422 3
7423 0
7424 3
7425 3
7426 3
7427 5
7428 0
7429 3
7430 3
7431 0
7432 3
7433 4
7434 2
7435 1
7436 3
7437 0
7438 1
7439 6
7440 3
7441 5
7442 0
7443 1
7444 3
7445 1
7446 0
7447 3
7448 3
7449 1
7450 2
7451 2
7452 0
7453 0
7454 0
7455 8
7456 0
7457 1
7458 0
7459 0
7460 0
7461 0
7462 1
7463 0
7464 0
7465 5
7466 0
7467 2
7468 1
7469 1
7470 3
7471 0
7472 1
7473 1
7474 1
7475 2
7476 2
7477 3
7478 2
7479 3
7480 2
7481 3
7482 2
7483 2
7484 2
7485 2
7486 2
7487 3
7488 1
7489 1
7490 1
7491 4
7492 4
7493 3
7494 2
7495 4
7496 1
7497 1
7498 2
7499 2
7500 2
7501 4
7502 4
7503 2
7504 1
7505 7
7506 0
7507 0
7508 0
7509 2
7510 0
7511 3
7512 1
7513 3
7514 1
7515 0
7516 5
7517 0
7518 0
7519 1
7520 1
7521 5
7522 3
7523 0
7524 0
7525 0
7526 0
7527 1
7528 1
7529 0
7530 2
7531 0
7532 0
7533 1
7534 4
7535 1
7536 0
7537 0
7538 0
7539 3
7540 0
7541 2
7542 0
7543 0
7544 1
7545 2
7546 0
7547 1
7548 4
7549 9
7550 8
7551 0
7552 11
7553 1
7554 1
7555 1
7556 0
7557 1
7558 3
7559 0
7560 0
7561 5
7562 2
7563 6
7564 5
7565 2
7566 8
7567 3
7568 1
7569 1
7570 3
7571 2
7572 9
7573 1
7574 2
7575 0
7576 0
7577 0
7578 0
7579 0
7580 0
7581 0
7582 3
7583 1
7584 0
7585 2
7586 0
7587 3
7588 0
7589 0
7590 7
7591 5
7592 4
7593 1
7594 0
7595 4
7596 0
7597 1
7598 0
7599 1
7600 0
7601 0
7602 0
7603 1
7604 1
7605 0
7606 3
7607 3
7608 4
7609 5
7610 3
7611 4
7612 2
7613 1
7614 2
7615 5
7616 3
7617 0
7618 2
7619 3
7620 3
7621 1
7622 0
7623 4
7624 3
7625 2
7626 1
7627 2
7628 0
7629 6
7630 3
7631 2
7632 6
7633 5
7634 2
7635 1
7636 2
7637 1
7638 2
7639 1
7640 5
7641 2
7642 1
7643 3
7644 1
7645 1
7646 4
7647 5
7648 5
7649 1
7650 1
7651 2
7652 2
7653 4
7654 0
7655 1
7656 4
7657 1
7658 2
7659 2
7660 1
7661 1
7662 3
7663 0
7664 0
7665 1
7666 0
7667 0
7668 0
7669 5
7670 3
7671 1
7672 2
7673 5
7674 2
7675 0
7676 2
7677 4
7678 3
7679 0
7680 1
7681 1
7682 1
7683 6
7684 3
7685 7
7686 0
7687 2
7688 2
7689 0
7690 2
7691 0
7692 0
7693 1
7694 0
7695 1
7696 0
7697 8
7698 0
7699 1
7700 0
7701 1
7702 0
7703 0
7704 8
7705 11
7706 2
7707 2
7708 4
7709 2
7710 1
7711 1
7712 1
7713 3
7714 0
7715 0
7716 1
7717 0
7718 1
7719 5
7720 4
7721 2
7722 3
7723 1
7724 0
7725 0
7726 0
7727 2
7728 2
7729 1
7730 2
7731 3
7732 2
7733 2
7734 2
7735 4
7736 5
7737 2
7738 3
7739 5
7740 4
7741 3
7742 4
7743 4
7744 4
7745 1
7746 0
7747 5
7748 3
7749 1
7750 2
7751 2
7752 4
7753 6
7754 5
7755 2
7756 2
7757 2
7758 3
7759 2
7760 1
7761 1
7762 4
7763 0
7764 2
7765 1
7766 2
7767 0
7768 0
7769 3
7770 0
7771 2
7772 2
7773 2
7774 3
7775 0
7776 2
7777 3
7778 1
7779 1
7780 1
7781 3
7782 1
7783 1
7784 1
7785 2
7786 2
7787 0
7788 3
7789 4
7790 2
7791 2
7792 1
7793 2
7794 2
7795 2
7796 4
7797 4
7798 3
7799 2
7800 2
7801 3
7802 1
7803 3
7804 1
7805 1
7806 1
7807 0
7808 1
7809 1
7810 1
7811 2
7812 1
7813 1
7814 0
7815 0
7816 0
7817 2
7818 1
7819 0
7820 1
7821 0
7822 1
7823 1
7824 1
7825 1
7826 2
7827 4
7828 2
7829 4
7830 4
7831 2
7832 3
7833 3
7834 5
7835 0
7836 2
7837 2
7838 3
7839 2
7840 2
7841 0
7842 1
7843 1
7844 1
7845 0
7846 1
7847 2
7848 3
7849 4
7850 2
7851 1
7852 3
7853 5
7854 1
7855 3
7856 4
7857 5
7858 2
7859 1
7860 0
7861 3
7862 3
7863 0
7864 0
7865 0
7866 1
7867 0
7868 1
7869 2
7870 2
7871 3
7872 2
7873 0
7874 1
7875 1
7876 3
7877 1
7878 1
7879 3
7880 8
7881 1
7882 16
7883 6
7884 1
7885 1
7886 2
7887 3
7888 10
7889 1
7890 1
7891 6
7892 2
7893 4
7894 4
7895 4
7896 6
7897 7
7898 4
7899 3
7900 2
7901 2
7902 4
7903 2
7904 2
7905 2
7906 1
7907 6
7908 1
7909 5
7910 2
7911 0
7912 4
7913 0
7914 0
7915 1
7916 0
7917 0
7918 2
7919 3
7920 1
7921 2
7922 2
7923 3
7924 0
7925 1
7926 2
7927 0
7928 4
7929 0
7930 0
7931 0
7932 1
7933 2
7934 2
7935 1
7936 1
7937 1
7938 2
7939 1
7940 1
7941 0
7942 2
7943 1
7944 0
7945 1
7946 0
7947 0
7948 0
7949 0
7950 0
7951 0
7952 0
7953 2
7954 2
7955 1
7956 0
7957 0
7958 7
7959 3
7960 0
7961 1
7962 1
7963 1
7964 0
7965 0
7966 1
7967 0
7968 1
7969 1
7970 1
7971 1
7972 2
7973 1
7974 2
7975 2
7976 2
7977 2
7978 1
7979 0
7980 0
7981 0
7982 0
7983 0
7984 0
7985 0
7986 0
7987 0
7988 1
7989 0
7990 1
7991 0
7992 0
7993 1
7994 1
7995 0
7996 0
7997 0
7998 0
7999 2
8000 1
8001 1
8002 0
8003 1
8004 4
8005 4
8006 3
8007 2
8008 2
8009 0
8010 1
8011 0
8012 1
8013 0
8014 0
8015 1
8016 0
8017 2
8018 0
8019 1
8020 3
8021 3
8022 2
8023 0
8024 0
8025 1
8026 1
8027 0
8028 1
8029 3
8030 1
8031 0
8032 0
8033 0
8034 0
8035 0
8036 1
8037 0
8038 0
8039 0
8040 0
8041 1
8042 2
8043 0
8044 0
8045 2
8046 1
8047 2
8048 1
8049 3
8050 1
8051 3
8052 1
8053 4
8054 0
8055 1
8056 3
8057 0
8058 2
8059 2
8060 0
8061 1
8062 2
8063 1
8064 4
8065 4
8066 0
8067 1
8068 1
8069 4
8070 1
8071 1
8072 1
8073 1
8074 2
8075 0
8076 1
8077 1
8078 2
8079 3
8080 4
8081 2
8082 3
8083 3
8084 3
8085 3
8086 4
8087 4
8088 3
8089 1
8090 0
8091 0
8092 1
8093 3
8094 3
8095 2
8096 2
8097 1
8098 0
8099 1
8100 1
8101 1
8102 0
8103 2
8104 0
8105 0
8106 1
8107 2
8108 2
8109 2
8110 0
8111 2
8112 1
8113 4
8114 1
8115 0
8116 2
8117 4
8118 3
8119 2
8120 2
8121 1
8122 1
8123 2
8124 1
8125 0
8126 0
8127 1
8128 1
8129 2
8130 2
8131 1
8132 0
8133 1
8134 0
8135 1
8136 3
8137 0
8138 2
8139 2
8140 5
8141 1
8142 2
8143 0
8144 1
8145 2
8146 3
8147 1
8148 2
8149 2
8150 2
8151 1
8152 2
8153 2
8154 1
8155 2
8156 0
8157 2
8158 4
8159 2
8160 3
8161 2
8162 0
8163 0
8164 1
8165 0
8166 2
8167 1
8168 0
8169 1
8170 0
8171 0
8172 1
8173 1
8174 2
8175 7
8176 0
8177 2
8178 8
8179 2
8180 1
8181 4
8182 1
8183 2
8184 0
8185 1
8186 0
8187 2
8188 3
8189 0
8190 3
8191 1
8192 2
8193 2
8194 4
8195 0
8196 1
8197 3
8198 1
8199 1
8200 0
8201 1
8202 1
8203 2
8204 0
8205 1
8206 4
8207 0
8208 0
8209 1
8210 2
8211 1
8212 0
8213 1
8214 0
8215 2
8216 1
8217 5
8218 1
8219 1
8220 0
8221 1
8222 2
8223 2
8224 2
8225 1
8226 2
8227 0
8228 3
8229 2
8230 0
8231 2
8232 3
8233 5
8234 1
8235 2
8236 1
8237 3
8238 1
8239 1
8240 4
8241 5
8242 2
8243 4
8244 3
8245 1
8246 2
8247 3
8248 3
8249 2
8250 7
8251 2
8252 6
8253 1
8254 0
8255 2
8256 6
8257 7
8258 2
8259 0
8260 1
8261 2
8262 2
8263 0
8264 1
8265 3
8266 0
8267 2
8268 0
8269 3
8270 2
8271 5
8272 5
8273 0
8274 2
8275 2
8276 2
8277 2
8278 2
8279 10
8280 2
8281 1
8282 1
8283 1
8284 0
8285 1
8286 1
8287 2
8288 1
8289 1
8290 3
8291 0
8292 2
8293 2
8294 0
8295 4
8296 0
8297 0
8298 1
8299 0
8300 1
8301 0
8302 4
8303 1
8304 0
8305 1
8306 6
8307 6
8308 1
8309 3
8310 0
8311 1
8312 4
8313 0
8314 2
8315 0
8316 0
8317 1
8318 3
8319 3
8320 4
8321 3
8322 2
8323 7
8324 2
8325 2
8326 1
8327 0
8328 0
8329 2
8330 0
8331 0
8332 1
8333 1
8334 1
8335 0
8336 0
8337 0
8338 3
8339 0
8340 0
8341 5
8342 10
8343 0
8344 1
8345 0
8346 0
8347 3
8348 5
8349 4
8350 8
8351 0
8352 0
8353 0
8354 0
8355 5
8356 2
8357 0
8358 2
8359 1
8360 2
8361 0
8362 1
8363 6
8364 0
8365 0
8366 0
8367 0
8368 1
8369 0
8370 0
8371 1
8372 1
8373 0
8374 1
8375 3
8376 1
8377 2
8378 1
8379 0
8380 1
8381 1
8382 0
8383 1
8384 0
8385 0
8386 1
8387 1
8388 0
8389 0
8390 0
8391 0
8392 6
8393 0
8394 11
8395 8
8396 0
8397 6
8398 9
8399 8
8400 4
8401 2
8402 3
8403 3
8404 1
8405 1
8406 0
8407 0
8408 0
8409 0
8410 0
8411 3
8412 3
8413 3
8414 7
8415 6
8416 8
8417 5
8418 1
8419 2
8420 0
8421 0
8422 10
8423 7
8424 13
8425 14
8426 2
8427 0
8428 0
8429 3
8430 10
8431 9
8432 4
8433 0
8434 0
8435 6
8436 1
8437 3
8438 2
8439 3
8440 0
8441 0
8442 0
8443 0
8444 0
8445 1
8446 0
8447 3
8448 4
8449 1
8450 3
8451 5
8452 2
8453 2
8454 3
8455 2
8456 2
8457 1
8458 4
8459 0
8460 0
8461 1
8462 0
8463 0
8464 1
8465 2
8466 0
8467 0
8468 0
8469 0
8470 0
8471 0
8472 0
8473 1
8474 3
8475 0
8476 4
8477 2
8478 1
8479 2
8480 1
8481 3
8482 2
8483 2
8484 0
8485 2
8486 1
8487 2
8488 2
8489 4
8490 1
8491 2
8492 2
8493 1
8494 2
8495 2
8496 0
8497 3
8498 3
8499 3
8500 5
8501 3
8502 2
8503 1
8504 3
8505 3
8506 1
8507 3
8508 1
8509 3
8510 2
8511 3
8512 1
8513 1
8514 2
8515 1
8516 3
8517 3
8518 2
8519 2
8520 2
8521 2
8522 2
8523 3
8524 1
8525 3
8526 1
8527 1
8528 0
8529 1
8530 0
8531 0
8532 1
8533 2
8534 1
8535 3
8536 0
8537 1
8538 1
8539 2
8540 2
8541 2
8542 1
8543 0
8544 2
8545 0
8546 4
8547 1
8548 0
8549 1
8550 2
8551 1
8552 2
8553 0
8554 0
8555 1
8556 2
8557 4
8558 1
8559 1
8560 4
8561 3
8562 2
8563 3
8564 3
8565 3
8566 1
8567 2
8568 3
8569 3
8570 4
8571 4
8572 5
8573 3
8574 2
8575 1
8576 3
8577 3
8578 3
8579 4
8580 0
8581 1
8582 1
8583 1
8584 0
8585 1
8586 1
8587 0
8588 1
8589 4
8590 4
8591 4
8592 4
8593 2
8594 0
8595 1
8596 0
8597 2
8598 0
8599 0
8600 1
8601 1
8602 1
8603 1
8604 1
8605 3
8606 0
8607 3
8608 1
8609 1
8610 0
8611 4
8612 4
8613 1
8614 3
8615 3
8616 4
8617 3
8618 5
8619 3
8620 0
8621 3
8622 3
8623 2
8624 0
8625 2
8626 2
8627 4
8628 2
8629 4
8630 4
8631 4
8632 2
8633 3
8634 5
8635 2
8636 3
8637 0
8638 0
8639 2
8640 0
8641 1
8642 4
8643 2
8644 4
8645 5
8646 3
8647 1
8648 2
8649 2
8650 3
8651 2
8652 3
8653 6
8654 3
8655 1
8656 2
8657 1
8658 2
8659 2
8660 2
8661 2
8662 1
8663 2
8664 0
8665 3
8666 4
8667 1
8668 1
8669 2
8670 0
8671 3
8672 2
8673 4
8674 0
8675 2
8676 1
8677 1
8678 0
8679 2
8680 0
8681 2
8682 1
8683 2
8684 3
8685 3
8686 2
8687 3
8688 3
8689 4
8690 3
8691 0
8692 4
8693 1
8694 1
8695 2
8696 1
8697 5
8698 4
8699 5
8700 5
8701 4
8702 2
8703 4
8704 1
8705 1
8706 3
8707 1
8708 4
8709 2
8710 2
8711 3
8712 1
8713 3
8714 1
8715 0
8716 1
8717 0
8718 0
8719 2
8720 2
8721 5
8722 6
8723 4
8724 1
8725 2
8726 1
8727 1
8728 3
8729 6
8730 2
8731 4
8732 1
8733 2
8734 3
8735 1
8736 2
8737 2
8738 4
8739 3
8740 3
8741 3
8742 1
8743 1
8744 1
8745 3
8746 4
8747 4
8748 5
8749 2
8750 3
8751 1
8752 1
8753 3
8754 1
8755 3
8756 1
8757 2
8758 3
8759 3
8760 2
8761 0
8762 0
8763 0
8764 2
8765 3
8766 3
8767 5
8768 1
8769 5
8770 2
8771 2
8772 2
8773 4
8774 1
8775 2
8776 2
8777 3
8778 1
8779 3
8780 3
8781 2
8782 3
8783 4
8784 2
8785 1
8786 2
8787 3
8788 2
8789 0
8790 2
8791 1
8792 2
8793 2
8794 2
8795 2
8796 3
8797 0
8798 2
8799 1
8800 3
8801 2
8802 2
8803 2
8804 2
8805 0
8806 2
8807 2
8808 0
8809 2
8810 2
8811 2
8812 2
8813 1
8814 2
8815 5
8816 1
8817 4
8818 4
8819 2
8820 3
8821 3
8822 1
8823 3
8824 1
8825 2
8826 4
8827 2
8828 4
8829 0
8830 0
8831 1
8832 3
8833 2
8834 3
8835 4
8836 4
8837 3
8838 3
8839 4
8840 1
8841 3
8842 2
8843 2
8844 2
8845 7
8846 3
8847 6
8848 4
8849 3
8850 4
8851 6
8852 5
8853 2
8854 2
8855 2
8856 2
8857 5
8858 4
8859 4
8860 2
8861 3
8862 5
8863 2
8864 1
8865 2
8866 3
8867 2
8868 1
8869 3
8870 2
8871 4
8872 3
8873 3
8874 2
8875 4
8876 1
8877 2
8878 5
8879 3
8880 3
8881 4
8882 0
8883 3
8884 1
8885 4
8886 3
8887 1
8888 4
8889 2
8890 3
8891 6
8892 3
8893 0
8894 1
8895 13
8896 16
8897 17
8898 9
8899 14
8900 12
8901 4
8902 7
8903 2
8904 11
8905 4
8906 5
8907 0
8908 3
8909 2
8910 1
8911 1
8912 2
8913 1
8914 0
8915 1
8916 0
8917 1
8918 1
8919 0
8920 2
8921 0
8922 2
8923 1
8924 1
8925 0
8926 1
8927 2
8928 0
8929 0
8930 1
8931 1
8932 1
8933 1
8934 0
8935 0
8936 1
8937 1
8938 0
8939 1
8940 1
8941 0
8942 1
8943 2
8944 1
8945 0
8946 1
8947 2
8948 1
8949 2
8950 1
8951 5
8952 1
8953 1
8954 1
8955 1
8956 1
8957 1
8958 0
8959 1
8960 4
8961 2
8962 2
8963 2
8964 1
8965 3
8966 3
8967 2
8968 2
8969 1
8970 2
8971 3
8972 1
8973 0
8974 2
8975 2
8976 2
8977 2
8978 1
8979 1
8980 1
8981 1
8982 0
8983 1
8984 2
8985 1
8986 2
8987 1
8988 4
8989 3
8990 2
8991 1
8992 1
8993 2
8994 1
8995 0
8996 1
8997 0
8998 0
8999 2
9000 2
9001 1
9002 2
9003 3
9004 2
9005 3
9006 1
9007 1
9008 0
9009 3
9010 1
9011 1
9012 0
9013 3
9014 0
9015 0
9016 1
9017 1
9018 2
9019 3
9020 2
9021 5
9022 5
9023 6
9024 3
9025 1
9026 1
9027 3
9028 0
9029 3
9030 3
9031 0
9032 3
9033 1
9034 2
9035 1
9036 1
9037 1
9038 1
9039 1
9040 4
9041 4
9042 1
9043 0
9044 2
9045 2
9046 1
9047 2
9048 3
9049 1
9050 1
9051 2
9052 3
9053 1
9054 1
9055 0
9056 1
9057 0
9058 1
9059 3
9060 0
9061 2
9062 4
9063 2
9064 0
9065 0
9066 1
9067 1
9068 0
9069 1
9070 0
9071 0
9072 1
9073 1
9074 0
9075 3
9076 1
9077 3
9078 2
9079 1
9080 0
9081 1
9082 2
9083 2
9084 3
9085 2
9086 1
9087 3
9088 2
9089 0
9090 0
9091 2
9092 3
9093 2
9094 1
9095 2
9096 4
9097 5
9098 1
9099 5
9100 0
9101 2
9102 2
9103 3
9104 3
9105 3
9106 2
9107 0
9108 1
9109 0
9110 0
9111 0
9112 2
9113 0
9114 0
9115 0
9116 1
9117 2
9118 1
9119 1
9120 2
9121 1
9122 1
9123 2
9124 1
9125 1
9126 3
9127 0
9128 2
9129 4
9130 2
9131 3
9132 3
9133 3
9134 0
9135 0
9136 0
9137 2
9138 1
9139 1
9140 4
9141 2
9142 1
9143 2
9144 0
9145 1
9146 0
9147 1
9148 1
9149 0
9150 0
9151 1
9152 2
9153 1
9154 0
9155 0
9156 3
9157 4
9158 3
9159 1
9160 2
9161 3
9162 1
9163 2
9164 2
9165 0
9166 1
9167 2
9168 1
9169 2
9170 2
9171 2
9172 1
9173 2
9174 2
9175 1
9176 3
9177 2
9178 1
9179 2
9180 0
9181 2
9182 2
9183 1
9184 2
9185 1
9186 3
9187 2
9188 2
9189 5
9190 2
9191 3
9192 2
9193 2
9194 1
9195 1
9196 1
9197 2
9198 0
9199 2
9200 4
9201 0
9202 2
9203 1
9204 1
9205 0
9206 3
9207 2
9208 0
9209 1
9210 1
9211 0
9212 0
9213 0
9214 0
9215 1
9216 0
9217 1
9218 2
9219 2
9220 1
9221 0
9222 2
9223 0
9224 0
9225 0
9226 2
9227 2
9228 1
9229 2
9230 3
9231 1
9232 0
9233 2
9234 1
9235 1
9236 0
9237 1
9238 1
9239 3
9240 0
9241 1
9242 1
9243 1
9244 1
9245 1
9246 0
9247 0
9248 0
9249 2
9250 2
9251 1
9252 0
9253 0
9254 0
9255 0
9256 0
9257 2
9258 1
9259 1
9260 1
9261 2
9262 2
9263 0
9264 0
9265 0
9266 1
9267 0
9268 0
9269 1
9270 0
9271 2
9272 2
9273 2
9274 1
9275 1
9276 2
9277 2
9278 1
9279 1
9280 1
9281 3
9282 2
9283 3
9284 1
9285 2
9286 0
9287 2
9288 0
9289 1
9290 2
9291 1
9292 1
9293 1
9294 1
9295 0
9296 1
9297 1
9298 1
9299 1
9300 1
9301 3
9302 0
9303 2
9304 0
9305 1
9306 1
9307 0
9308 0
9309 2
9310 0
9311 0
9312 1
9313 0
9314 0
9315 0
9316 1
9317 1
9318 1
9319 0
9320 0
9321 0
9322 1
9323 1
9324 1
9325 1
9326 1
9327 1
9328 2
9329 1
9330 2
9331 0
9332 1
9333 1
9334 2
9335 1
9336 0
9337 1
9338 0
9339 0
9340 3
9341 0
9342 1
9343 1
9344 1
9345 0
9346 1
9347 0
9348 0
9349 0
9350 0
9351 0
9352 2
9353 0
9354 0
9355 3
9356 1
9357 1
9358 1
9359 1
9360 2
9361 0
9362 1
9363 3
9364 1
9365 0
9366 0
9367 0
9368 0
9369 1
9370 0
9371 1
9372 1
9373 0
9374 0
9375 0
9376 1
9377 0
9378 2
9379 1
9380 1
9381 1
9382 1
9383 2
9384 0
9385 0
9386 0
9387 2
9388 0
9389 1
9390 2
9391 2
9392 1
9393 0
9394 0
9395 2
9396 2
9397 2
9398 4
9399 0
9400 4
9401 1
9402 1
9403 8
9404 0
9405 1
9406 2
9407 4
9408 4
9409 3
9410 1
9411 4
9412 4
9413 2
9414 3
9415 3
9416 2
9417 2
9418 0
9419 2
9420 3
9421 1
9422 0
9423 0
9424 3
9425 2
9426 3
9427 3
9428 2
9429 1
9430 2
9431 0
9432 2
9433 3
9434 1
9435 1
9436 4
9437 2
9438 3
9439 1
9440 1
9441 0
9442 0
9443 2
9444 2
9445 3
9446 1
9447 2
9448 2
9449 6
9450 0
9451 0
9452 0
9453 1
9454 3
9455 3
9456 2
9457 1
9458 1
9459 1
9460 0
9461 2
9462 1
9463 0
9464 0
9465 0
9466 2
9467 1
9468 0
9469 1
9470 0
9471 0
9472 0
9473 1
9474 1
9475 2
9476 0
9477 1
9478 3
9479 2
9480 0
9481 1
9482 1
9483 0
9484 1
9485 0
9486 1
9487 0
9488 0
9489 1
9490 0
9491 2
9492 0
9493 0
9494 0
9495 0
9496 0
9497 1
9498 0
9499 0
9500 1
9501 1
9502 0
9503 0
9504 1
9505 1
9506 0
9507 3
9508 4
9509 1
9510 3
9511 0
9512 1
9513 0
9514 1
9515 3
9516 3
9517 0
9518 4
9519 1
9520 0
9521 1
9522 2
9523 0
9524 1
9525 0
9526 0
9527 2
9528 1
9529 0
9530 2
9531 1
9532 0
9533 1
9534 2
9535 1
9536 0
9537 1
9538 3
9539 3
9540 3
9541 2
9542 0
9543 4
9544 2
9545 2
9546 1
9547 1
9548 0
9549 1
9550 2
9551 1
9552 1
9553 0
9554 2
9555 3
9556 1
9557 1
9558 0
9559 0
9560 1
9561 1
9562 1
9563 0
9564 1
9565 0
9566 0
9567 1
9568 1
9569 0
9570 0
9571 2
9572 1
9573 1
9574 2
9575 0
9576 2
9577 1
9578 1
9579 3
9580 0
9581 1
9582 1
9583 1
9584 1
9585 0
9586 0
9587 0
9588 0
9589 0
9590 1
9591 1
9592 2
9593 0
9594 0
9595 3
9596 2
9597 2
9598 0
9599 2
9600 0
9601 0
9602 0
9603 0
9604 1
9605 1
9606 0
9607 1
9608 0
9609 0
9610 0
9611 1
9612 3
9613 3
9614 1
9615 2
9616 1
9617 2
9618 4
9619 0
9620 1
9621 0
9622 1
9623 0
9624 2
9625 0
9626 3
9627 1
9628 1
9629 3
9630 4
9631 1
9632 1
9633 1
9634 1
9635 3
9636 2
9637 2
9638 2
9639 1
9640 1
9641 1
9642 2
9643 2
9644 0
9645 0
9646 1
9647 1
9648 1
9649 0
9650 1
9651 3
9652 1
9653 1
9654 0
9655 2
9656 1
9657 1
9658 1
9659 1
9660 0
9661 1
9662 0
9663 1
9664 0
9665 1
9666 0
9667 1
9668 0
9669 0
9670 0
9671 0
9672 1
9673 1
9674 1
9675 0
9676 0
9677 0
9678 0
9679 0
9680 0
9681 1
9682 0
9683 0
9684 0
9685 0
9686 1
9687 1
9688 2
9689 0
9690 0
9691 0
9692 0
9693 1
9694 0
9695 0
9696 0
9697 1
9698 1
9699 3
9700 4
9701 0
9702 0
9703 0
9704 4
9705 7
9706 5
9707 5
9708 1
9709 0
9710 1
9711 4
9712 1
9713 0
9714 2
9715 3
9716 1
9717 0
9718 2
9719 3
9720 1
9721 0
9722 2
9723 4
9724 1
9725 0
9726 0
9727 0
9728 0
9729 2
9730 0
9731 0
9732 2
9733 2
9734 2
9735 3
9736 2
9737 2
9738 0
9739 1
9740 1
9741 1
9742 1
9743 2
9744 1
9745 2
9746 1
9747 1
9748 1
9749 1
9750 0
9751 2
9752 2
9753 1
9754 2
9755 2
9756 1
9757 1
9758 2
9759 2
9760 2
9761 3
9762 0
9763 1
9764 1
9765 1
9766 2
9767 3
9768 2
9769 0
9770 2
9771 4
9772 1
9773 1
9774 2
9775 1
9776 1
9777 0
9778 2
9779 1
9780 4
9781 0
9782 1
9783 0
9784 0
9785 4
9786 1
9787 2
9788 1
9789 1
9790 0
9791 2
9792 1
9793 0
9794 1
9795 1
9796 1
9797 3
9798 1
9799 1
